traveler,traveler ID,requested time,distance,mode choice,waiting time,devFact_offer,x_coord_desti,y_coord_desti,vehicle,drop_in_sequence,inVehTime,devFact,walking time,interest,utility choice,utility interest,value tt,x_coord_stoploc,y_coord_stoploc,return time,route time,route distance,stoch parts
traveler (traveler.0),0,30,2.5263188219539083,1,,,0.8107056009931857,0.6215508461385522,,,,,,1,,,,,,,,,"[0.3472958709528041, 1.604639957284555, -1.3171288422178777, 1.2262609581788801]"
traveler (traveler.1),1,30,1.6759947499084298,2,,,3.9851297331111333,3.2767548374808326,,,,,,2,,,,,,,,,"[-1.0759865240341056, -0.18696459081164069, 1.5218467071902804, -0.6425295399412392]"
traveler (traveler.2),2,30,1.5657605214897534,1,,,4.059015516996497,2.354822080122319,,,,,,1,,,,,,,,,"[-1.6948902223313393, -0.07784592362220652, -0.30744862624608116, -0.8355303748224948]"
traveler (traveler.3),3,30,0.7271094989801798,3,,,1.9543104087865624,2.980532094191969,,,,,,3,,,,,,,,,"[2.128169224604405, 1.1764717602629835, 1.0407117375227597, 2.3288715224192895]"
traveler (traveler.4),4,30,0.31534217274025617,4,,,2.773021203821333,2.6577976811378914,,,,,,4,,,,,,,,,"[2.6060802719512806, 1.9338697933472664, -0.3520397032370744, 0.9254156208112655]"
traveler (traveler.5),5,30,0.6578196183240443,4,,,3.1523829852415743,2.415601594687559,,,,,,4,,,,,,,,,"[1.8500837911893269, 0.7545391938799515, 1.6713047213841066, 5.10349416374696]"
traveler (traveler.6),6,30,0.7486152022838147,3,,,2.7345225367430657,3.2109317132116377,,,,,,3,,,,,,,,,"[-0.5670200526514035, -0.9291144796956994, -0.4437790628928712, 0.6126071544306524]"
traveler (traveler.7),7,30,0.2732717283954999,4,,,2.6947467507771923,2.691705870024864,,,,,,4,,,,,,,,,"[3.2539440893996905, 0.9311542311703612, -0.5152669752127208, -0.2069040521111863]"
traveler (traveler.8),8,30,0.48727332995628414,4,,,2.9723111234318114,2.619822789023065,,,,,,4,,,,,,,,,"[1.6944047792412813, 0.0626951248116834, -0.16885378870844947, -0.08680309384930356]"
traveler (traveler.9),9,30,0.6667768431692692,4,,,1.9826118897659362,2.079404110843674,,,,,,4,,,,,,,,,"[-0.7960774915816016, 0.5728053366591812, -0.909006601014996, 0.4661851319305237]"
traveler (traveler.10),10,37.5,2.458067996310202,1,,,3.7063520771104423,4.641684603422216,,,,,,1,,,,,,,,,"[-0.3128091422611514, 4.630859706299405, 1.7502689413886043, -1.1458669835486621]"
traveler (traveler.11),11,37.5,1.8749205110575378,1,,,4.20812242423487,3.273074838945267,,,,,,1,,,,,,,,,"[-1.9084633578830386, 0.3657014766325938, 0.13048259087099157, 1.3434999710468556]"
traveler (traveler.12),12,37.5,2.949441974166734,1,,,4.67773794152749,4.489136852257323,,,,,,1,,,,,,,,,"[1.205382939326446, -0.67160875639764, -0.21977352982864562, 1.0270581906525023]"
traveler (traveler.13),13,37.5,0.6205329240122086,4,,,2.2851927549612334,3.082167464963473,,,,,,4,,,,,,,,,"[3.890556505805692, 0.7343142146052293, 3.4953707882514653, 3.7553122666091654]"
traveler (traveler.14),14,37.5,0.8777954358874012,1,,,2.459228518386007,3.3768480561372947,,,,,,1,,,,,,,,,"[1.6698886886604913, 0.15067985138764534, -0.24591458324388532, 0.5118148478935112]"
traveler (traveler.15),15,37.5,0.5053316845080491,4,,,2.8593999473332867,2.8552348367271616,,,,,,4,,,,,,,,,"[1.0021556061370414, 4.751368371053926, 0.028982960164050345, 1.7618655253325295]"
traveler (traveler.16),16,37.5,0.7236094327319408,1,,,2.8548472853041362,3.1306298559780736,,,,,,1,,,,,,,,,"[0.39756607846280095, 1.0585779781956843, -0.6652566760817747, 1.268843433330638]"
traveler (traveler.17),17,37.5,0.42626767955867495,4,,,2.0787981781417946,2.5655222092092886,,,,,,4,,,,,,,,,"[-1.1008714495342102, -0.03661956662482479, 1.4780726026176798, 0.1821214620532104]"
traveler (traveler.18),18,37.5,0.45160526048736527,4,,,2.3682594824107177,2.0680373310977336,,,,,,4,,,,,,,,,"[3.3140325378998563, 2.7560325906255763, -0.9692771143221498, 0.5862135442588461]"
traveler (traveler.19),19,37.5,0.6758013363356223,4,,,2.582462101854219,1.8292485945219366,,,,,,4,,,,,,,,,"[3.148791571621726, -1.1833609923941308, 0.15407328183252708, 1.7432012655741185]"
traveler (traveler.20),20,37.5,0.9766243494442957,1,,,3.47311700252408,2.582694735781933,,,,,,1,,,,,,,,,"[-0.7091372145230681, 0.06123721263406561, -0.13713423508047937, -0.505038966609637]"
traveler (traveler.21),21,37.5,0.7230523533797603,3,,,3.215712158360943,2.397234188066604,,,,,,3,,,,,,,,,"[0.5527801899217242, -0.9872107683991206, -1.0859065280529576, -0.31119673150797644]"
traveler (traveler.22),22,37.5,0.8371045551102831,3,,,3.337070399579531,2.492438099832098,,,,,,3,,,,,,,,,"[3.0849156705394347, 0.3039506698002126, -1.3816046662527453, 0.8259116580935806]"
traveler (traveler.23),23,37.5,0.4714272025368116,4,,,2.94492419096607,2.655839890865183,,,,,,4,,,,,,,,,"[1.5939032476870323, 0.961220393932753, -0.8299395118333327, 0.03861256547839814]"
traveler (traveler.24),24,45.0,1.3625701369340477,3,,,3.2974538433276352,1.3951630229638163,,,,,,3,,,,,,,,,"[1.2775671885255198, -0.6987975302132652, 1.2202835384511193, 2.9068019752193734]"
traveler (traveler.25),25,45.0,2.547809744575913,1,,,4.888011904464481,3.388106772123658,,,,,,1,,,,,,,,,"[6.193591702727126, 1.306769365754393, -0.6105359489763873, -0.5751054083288574]"
traveler (traveler.26),26,45.0,0.748811500835516,3,,,3.0881200913924216,2.036498735833323,,,,,,3,,,,,,,,,"[1.8375791424598318, -0.546811376778593, -0.6060837287499299, 0.2848210476490127]"
traveler (traveler.27),27,45.0,0.4932730616131204,4,,,2.244517359582309,2.921956080366649,,,,,,4,,,,,,,,,"[-2.319228052357748, 1.1117643243528628, -0.4559474429577219, 1.3482321455139787]"
traveler (traveler.28),28,45.0,0.5551402359425645,4,,,1.9448651788491953,2.5024519192952064,,,,,,4,,,,,,,,,"[8.06638289478512, 3.3833477738492848, -1.642221820269229, -1.0448347532409548]"
traveler (traveler.29),29,45.0,0.9450209668753997,2,,,3.1916369158184485,3.143974381874978,,,,,,2,,,,,,,,,"[0.1654995546655238, -1.06763437504205, 4.567674052852579, 0.33112315934907743]"
traveler (traveler.30),30,52.5,1.28863709711345,1,,,3.778803297464883,2.3411047689516096,,,,,,1,,,,,,,,,"[-0.5589373642215905, 1.646864079300333, 1.3433667872453738, -0.9741520739393322]"
traveler (traveler.31),31,52.5,2.1301266286437293,2,,,4.139019155067062,1.1394649348949675,,,,,,2,,,,,,,,,"[0.15953209140104033, -1.0912204857761438, 1.2245612639366472, -0.6011210104314494]"
traveler (traveler.32),32,52.5,0.8261379771607539,2,,,1.7005242647727552,2.7081886310299357,,,,,,2,,,,,,,,,"[4.415021558289925, -0.44190393473610673, 0.6007658516217355, -0.945651639193619]"
traveler (traveler.33),33,52.5,0.939999977533512,1,,,1.5623144102054682,2.4340781337135824,,,,,,1,,,,,,,,,"[2.115214279278254, 7.979022850788501, 1.3995542092113313, 0.017602089102618776]"
traveler (traveler.34),34,52.5,0.8078592130747171,1,,,3.098747387616146,1.957655023096423,,,,,,1,,,,,,,,,"[-0.08127835165928039, 3.3848306631727083, -1.121695055193332, 2.7612115473567096]"
traveler (traveler.35),35,52.5,0.6974991508479015,4,,,2.788481540530337,3.1350460347146396,,,,,,4,,,,,,,,,"[3.0205752272124173, 2.1193618662499083, 0.9681502120437179, 1.2091348866078229]"
traveler (traveler.36),36,52.5,0.6303360066476245,4,,,2.477878747759391,1.8700522787756262,,,,,,4,,,,,,,,,"[3.1921122169664082, -0.599528702839721, -1.1524017459401454, 0.31357768668348296]"
traveler (traveler.37),37,52.5,0.9681275933740737,1,,,1.6019691685625554,2.138321050045696,,,,,,1,,,,,,,,,"[0.26902361687860893, -0.1888752795411192, -0.28869220077963653, -0.40532214618497586]"
traveler (traveler.38),38,60.0,1.1785069943119952,3,,,1.7689240396613926,1.5756587881862694,,,,,,3,,,,,,,,,"[0.22481050773038272, -0.5464605369636358, -0.39929272640006785, 1.4801208056044473]"
traveler (traveler.39),39,60.0,1.4612496883143393,0,0.0,1.0,1.8812303031707034,1.1762270912711141,SAV (sav.3),,,,False,0,1.7221438387667387,1.7221438387667387,normal,,,,,,"[10.816149533548026, 0.8343387820896695, -0.7476848513075703, -0.055045509271777905]"
traveler (traveler.40),40,60.0,2.8320021779262423,1,,,4.67797883448941,4.310150417035868,,,,,,1,,,,,,,,,"[0.023785485963605378, -0.028072074003594565, -0.7219445008535765, 0.00590934994686272]"
traveler (traveler.41),41,60.0,1.8302498587490577,2,,,2.0970417063690445,4.285340068178882,,,,,,2,,,,,,,,,"[-1.4523659239550974, -1.1921993071087913, 0.707715852409584, -0.16535160560328535]"
traveler (traveler.42),42,60.0,2.8166050705452754,3,,,4.564116680111033,0.5835745633318357,,,,,,3,,,,,,,,,"[1.0702787399149354, -0.0028208939388916984, 0.7649976335963833, 3.394373510208949]"
traveler (traveler.43),43,60.0,0.4181351788653264,4,,,2.1611640033125443,2.254995520135739,,,,,,4,,,,,,,,,"[3.209271533401346, 0.19885851572955576, -1.1986926978779566, -0.281792244303752]"
traveler (traveler.44),44,60.0,0.5648358084794979,4,,,2.0396064494828874,2.172773367246896,,,,,,4,,,,,,,,,"[5.846242960830934, -0.7422237846589804, 2.4759651390343036, 2.763630206024445]"
traveler (traveler.45),45,60.0,0.8159164984327045,1,,,2.665077834726903,1.7009574223506216,,,,,,1,,,,,,,,,"[-0.3028149314410636, 0.4236899695143909, -0.2551719638170992, 0.1239086159858621]"
traveler (traveler.46),46,60.0,0.11977106763711685,4,,,2.415009537411231,2.4156096574726593,,,,,,4,,,,,,,,,"[0.6218395924935985, -1.0701435565770958, -1.2996192104866024, -0.744354327041201]"
traveler (traveler.47),47,60.0,0.4813215457566067,4,,,2.7231911443304897,2.073554055592065,,,,,,4,,,,,,,,,"[-2.175929037759223, -0.6685745540633536, 0.3934801318665888, -0.24834992039101078]"
traveler (traveler.48),48,60.0,0.408005813399163,4,,,2.837171941856133,2.729747307693642,,,,,,4,,,,,,,,,"[-1.708781768717067, -0.12859663992403642, -0.26808272768985636, 1.3538669134124366]"
traveler (traveler.49),49,60.0,0.996037187552066,3,,,1.504329783867104,2.472964843397876,,,,,,3,,,,,,,,,"[3.7497970011913595, -0.11581537109174436, 0.0824582678272809, 0.9368526389273754]"
traveler (traveler.50),50,60.0,0.8939918558101974,1,,,3.3584842295055477,2.7494519311314845,,,,,,1,,,,,,,,,"[3.519149815839731, 3.5428605783197575, 0.1032363168056278, 1.4063316112057873]"
traveler (traveler.51),51,60.0,0.932474019036903,3,,,2.3447226756968442,3.419454593080097,,,,,,3,,,,,,,,,"[0.22123638859100683, 0.3252031249061659, 1.1013818424775974, 1.477550115013092]"
traveler (traveler.52),52,67.5,2.323797408936796,1,,,0.6307123737566417,1.1194935102815213,,,,,,1,,,,,,,,,"[2.7626654274407887, 1.9404103954816112, 0.1789796673612755, -1.0322150657056421]"
traveler (traveler.53),53,67.5,2.517763814162305,3,,,3.611447116326689,4.759163546871763,,,,,,3,,,,,,,,,"[-0.8784685400037611, 0.8675508536925848, -0.01971940305110387, 3.7493824458043483]"
traveler (traveler.54),54,67.5,0.9699679833508154,3,,,3.349819569566831,2.032405530500099,,,,,,3,,,,,,,,,"[-0.19911876202084472, 0.1872431492107486, 1.2971974105371453, 1.4870662444601268]"
traveler (traveler.55),55,67.5,0.9074565707918612,1,,,1.5925845639344078,2.5086402698577808,,,,,,1,,,,,,,,,"[1.2218556818483115, 1.0300276533292554, -1.085222256792864, -0.14671881866118724]"
traveler (traveler.56),56,67.5,0.5057632349913166,4,,,2.7679615814232315,2.928944099796282,,,,,,4,,,,,,,,,"[5.443175519241577, 0.829138142738231, 0.40382429303694595, -0.6885078968968927]"
traveler (traveler.57),57,67.5,0.4001547571446989,4,,,2.5513149942965785,2.1031491451113213,,,,,,4,,,,,,,,,"[10.32328791516378, -0.005621729424079968, 1.1292331976321919, -0.22555802693813326]"
traveler (traveler.58),58,75.0,1.986275423061027,1,,,3.6812026008189385,4.096887745608575,,,,,,1,,,,,,,,,"[6.442821944686834, 8.450713926142452, 2.2140905966094735, -0.472752637759343]"
traveler (traveler.59),59,75.0,1.1667171609390838,2,,,1.7357941822142782,1.618400089784367,,,,,,2,,,,,,,,,"[4.535287192089764, 0.11589389776255003, 1.8315813568385435, 0.5107272772435271]"
traveler (traveler.60),60,75.0,0.5054687640328166,4,,,2.147403372167295,2.862179913101028,,,,,,4,,,,,,,,,"[-0.8141017632410112, -0.2635445413474141, 0.02755587584412177, 0.6699590599207115]"
traveler (traveler.61),61,75.0,0.9979368409850488,1,,,1.5202578471681238,2.310307478904467,,,,,,1,,,,,,,,,"[1.4355509869674077, -0.21463606936985835, -0.3198511869854435, -0.18042723552737505]"
traveler (traveler.62),62,75.0,0.9054142327120699,1,,,2.0162279143372768,3.26533620189504,,,,,,1,,,,,,,,,"[1.8909594291577911, 2.058964880748828, 0.0185604109464153, 0.14594606794069945]"
traveler (traveler.63),63,75.0,0.3667386871519778,4,,,2.744475193682288,2.7733663189348023,,,,,,4,,,,,,,,,"[-2.2968890235440726, 1.661083919108011, 2.1803932026420934, -0.15647612789075502]"
traveler (traveler.64),64,75.0,0.9943117512207879,3,,,2.0190431401056297,3.3702507440596055,,,,,,3,,,,,,,,,"[0.9547156306834791, -0.49888873044130205, 1.0434052165230376, 6.873384744689815]"
traveler (traveler.65),65,75.0,0.8021007236934968,1,,,2.7465153255803094,3.2632796114162,,,,,,1,,,,,,,,,"[1.9361272963134457, 2.7033003847621013, 0.6813868977852487, 1.8596081582771222]"
traveler (traveler.66),66,75.0,0.9848846863755355,2,,,1.6805296537907224,1.9536794007721439,,,,,,2,,,,,,,,,"[3.0204791556600674, -0.3195066540763235, 1.2551702172483568, 0.8802353254691414]"
traveler (traveler.67),67,75.0,0.7056753782972626,2,,,1.9897407129536282,2.012544156340379,,,,,,2,,,,,,,,,"[2.2199758164600913, -0.5623748347323955, 0.15782305149654638, -0.06228710538821067]"
traveler (traveler.68),68,82.5,1.1448619716567774,1,,,1.6371113503958212,1.7475824878897883,,,,,,1,,,,,,,,,"[0.052487380450404714, 0.995873480665692, 0.1634800064652751, 0.41301457049302753]"
traveler (traveler.69),69,82.5,2.4479563712666517,1,,,1.855002621458569,4.861454801028314,,,,,,1,,,,,,,,,"[1.19983731743622, 1.0154184885773176, -0.35457809749510644, 1.7038326605431438]"
traveler (traveler.70),70,82.5,2.5681018678931036,1,,,4.749576108683876,3.7387713812946903,,,,,,1,,,,,,,,,"[-0.5643167386327662, -0.6052549834359553, 0.6099183050694021, -0.805446109093024]"
traveler (traveler.71),71,82.5,2.271247938352971,1,,,0.4660165479685596,1.4893177975570726,,,,,,1,,,,,,,,,"[0.05693832017032973, 0.9003421713183799, 0.3796059971672296, 1.0087102093026028]"
traveler (traveler.72),72,82.5,0.8987767517367303,3,,,1.6223604272458791,2.3062258278345835,,,,,,3,,,,,,,,,"[-1.2965157658556876, -0.8233195166746369, -0.31509072784109593, 2.061630206665243]"
traveler (traveler.73),73,82.5,0.7707529411589388,2,,,2.2872471488658315,1.7591921162410344,,,,,,2,,,,,,,,,"[2.4818035107238057, 1.2892484268982785, 2.3658662195894204, 0.5994249433170818]"
traveler (traveler.74),74,82.5,0.4653653865161112,4,,,2.0492755900751023,2.6158121291797296,,,,,,4,,,,,,,,,"[1.431222487139171, 0.892336947041591, 1.3966074104824633, -0.09284301130122798]"
traveler (traveler.75),75,82.5,0.9682643587104094,2,,,3.186317267327621,1.8169886699938083,,,,,,2,,,,,,,,,"[0.02309468649068438, -1.1040849402432673, 1.400769971938806, 1.2468221827134662]"
traveler (traveler.76),76,82.5,0.9986322039396425,3,,,1.6443867758925608,1.9850317587677655,,,,,,3,,,,,,,,,"[0.6677612238012869, -0.9118577977037072, -0.796563214027816, 0.9605017715642231]"
traveler (traveler.77),77,82.5,0.6571897769437641,4,,,2.7146969643004333,1.8788690826890253,,,,,,4,,,,,,,,,"[0.8205781498802291, 1.6462828307547683, 0.6218193128245916, 0.958048458385286]"
traveler (traveler.78),78,90.0,1.131843442673682,2,,,3.5820816807905764,2.1680831206147335,,,,,,2,,,,,,,,,"[1.191406089093222, -0.4483785981891899, 1.6944186372076353, 1.753052303550852]"
traveler (traveler.79),79,90.0,1.7591165044775023,1,,,0.8779303069150157,1.8192792150225383,,,,,,1,,,,,,,,,"[3.27416097433948, 2.667689791045029, 1.9441454898969637, 0.6630310181213787]"
traveler (traveler.80),80,90.0,2.2135412931887983,2,,,4.668673971858674,2.056583423365045,,,,,,2,,,,,,,,,"[0.0034197659128029283, -0.04400768261335589, 1.7152354977792343, 0.04332474510483234]"
traveler (traveler.81),81,90.0,1.2167475667434895,1,,,3.5000808733162847,3.1930460937074385,,,,,,1,,,,,,,,,"[-1.1846097648579617, 3.007802109027923, 0.8952571670324955, -0.5516775397177827]"
traveler (traveler.82),82,90.0,2.6608336986371843,3,,,4.044765058672631,0.3334966223641883,,,,,,3,,,,,,,,,"[-1.371975442542284, -0.1859530047963147, 1.9152744228651244, 2.44838007888315]"
traveler (traveler.83),83,90.0,0.6273860293918161,4,,,2.7939610729458435,3.054256364391567,,,,,,4,,,,,,,,,"[2.5001459839228883, -0.4267603693410681, 0.5230616200558793, -0.645470565153839]"
traveler (traveler.84),84,90.0,0.8524139219595628,1,,,1.6774145068910715,2.276476844874576,,,,,,1,,,,,,,,,"[0.18437518022203037, 4.0128264686206245, 0.3500766377378842, 0.47454566009170207]"
traveler (traveler.85),85,90.0,0.9215834881506041,3,,,1.7483778143614606,3.0332731154744064,,,,,,3,,,,,,,,,"[-2.31100621592236, -1.0742344980271745, 0.5955969420377875, 1.0266268940217513]"
traveler (traveler.86),86,90.0,0.871027833714657,3,,,2.528926836062675,1.629452628939096,,,,,,3,,,,,,,,,"[2.8554049613670247, -0.31303300272660234, 0.5194433566052037, 0.8521423258486608]"
traveler (traveler.87),87,90.0,0.9252319599910941,1,,,2.9941497421321017,1.7177786680614373,,,,,,1,,,,,,,,,"[-1.9023156856069061, 1.0734721360408164, -0.7293928802508595, 1.5118210458770722]"
traveler (traveler.88),88,90.0,0.590567834537746,4,,,1.91266688628885,2.5617266614111602,,,,,,4,,,,,,,,,"[1.9285200527721136, 0.5266588465667471, 0.4545545523046123, 0.7347432934436253]"
traveler (traveler.89),89,90.0,0.9047100900129389,3,,,1.7426326356725845,2.005131307897778,,,,,,3,,,,,,,,,"[0.4942055475474543, 0.8260770662074823, -0.017655681396671806, 3.061608606704352]"
traveler (traveler.90),90,90.0,0.6701272742820407,4,,,3.0409902744275445,2.1045254917046012,,,,,,4,,,,,,,,,"[0.7372453132255944, 1.7091357328321297, 4.113238963317248, -0.06370122524757516]"
traveler (traveler.91),91,90.0,0.2884625216679128,4,,,2.3453366886623934,2.256504853163153,,,,,,4,,,,,,,,,"[0.8944090005817473, -1.1599521746679466, 2.2718851133546503, -1.3823486592981777]"
traveler (traveler.92),92,90.0,0.8220602730744486,1,,,3.318334058496135,2.421817768818732,,,,,,1,,,,,,,,,"[-0.605484575252809, 0.6181503403142606, -0.41376456389492206, 0.41896149703996166]"
traveler (traveler.93),93,90.0,0.6028575180006926,4,,,2.406665910110134,3.095588729472264,,,,,,4,,,,,,,,,"[0.01116958563724348, -0.4791987676307928, -1.1438782107084644, 1.289907692088468]"
traveler (traveler.94),94,90.0,0.7039861600624998,1,,,2.16136484688922,3.1171893928424095,,,,,,1,,,,,,,,,"[8.6305415794305, 2.636142429412526, -1.3942330055504564, -1.0922568956214522]"
traveler (traveler.95),95,90.0,0.7799014582032187,2,,,2.1834375988272736,3.212765410686619,,,,,,2,,,,,,,,,"[0.7647171959284782, 0.5829077086617728, 1.659660667125723, -0.28065759359414455]"
traveler (traveler.96),96,90.0,0.7519684959104271,2,,,1.7662494139212015,2.3354804076384523,,,,,,2,,,,,,,,,"[1.2757017933727444, -1.146306357633042, 3.8709768115937186, 0.7522558786489723]"
traveler (traveler.97),97,90.0,0.7995886778220992,3,,,1.9005228577285012,1.9708788327846922,,,,,,3,,,,,,,,,"[-1.2387403225879645, -0.23082069121502982, 0.06970591178661328, 0.25103049381085824]"
traveler (traveler.98),98,90.0,0.9521179247873258,3,,,2.4315645533470835,3.449655270265342,,,,,,3,,,,,,,,,"[-0.9070441354287692, -0.9283701915014064, 1.158245096956183, 2.0069563958028]"
traveler (traveler.99),99,90.0,0.6362902477159117,4,,,2.9306666794945464,2.9683924535168322,,,,,,4,,,,,,,,,"[7.120132691201159, 0.9714096569550423, -0.2326131296879681, 4.165643747937503]"
traveler (traveler.100),100,97.5,2.813967732528538,1,,,0.2905500443358877,0.7573740237424287,,,,,,1,,,,,,,,,"[6.242655899052605, 0.21329723433898437, 0.5586452795972896, -0.8643935852967289]"
traveler (traveler.101),101,97.5,2.1853187814048893,2,,,0.3187322492558936,2.633000661369392,,,,,,2,,,,,,,,,"[1.7452845013968734, -0.14471079654998623, 1.4948922277335062, 0.5284764418403769]"
traveler (traveler.102),102,97.5,2.4568415564803483,2,,,1.0349453799379567,4.472228534902495,,,,,,2,,,,,,,,,"[0.5680225501290196, -0.9830488927616872, 0.6501260892838486, 0.07323427479927118]"
traveler (traveler.103),103,97.5,2.967097318872771,1,,,0.3090703010731033,0.49912680211311566,,,,,,1,,,,,,,,,"[-1.520256063504208, 1.3086140635058447, 0.4571629710928171, 0.6373278264859632]"
traveler (traveler.104),104,97.5,2.516031530936355,3,,,0.5866057682190845,4.133810631148377,,,,,,3,,,,,,,,,"[-0.4063067872295374, 0.19419332066703632, -0.5367371145186803, 1.9805236824732106]"
traveler (traveler.105),105,97.5,2.0211061966524757,1,,,3.1062868178374954,4.428026595424327,,,,,,1,,,,,,,,,"[-0.6552009545859887, 1.3652550390723701, -0.13959501958624715, 1.0274509433405705]"
traveler (traveler.106),106,97.5,2.0171328586229236,1,,,0.7792282685676161,1.447493649596601,,,,,,1,,,,,,,,,"[0.6760180948680559, 0.31336137347424786, 1.0369913331407463, 0.18452111163323542]"
traveler (traveler.107),107,97.5,0.3254529959087412,4,,,2.367482239373862,2.2027480939260293,,,,,,4,,,,,,,,,"[0.3684060731999297, -0.7018648516174038, -1.0549320950981262, 1.1518902189731517]"
traveler (traveler.108),108,97.5,0.3254419461539381,4,,,2.799009086060363,2.371524217185459,,,,,,4,,,,,,,,,"[1.1449550533635606, 0.3299447385341614, -0.9498100123794923, -0.13526117847955776]"
traveler (traveler.109),109,97.5,0.9314256492637445,1,,,1.7245120929621542,1.9840811632199795,,,,,,1,,,,,,,,,"[0.41086725019698694, 2.385225232090385, 0.1913741869310831, -0.18967050239818325]"
traveler (traveler.110),110,97.5,0.6016264772086454,4,,,2.528553954872973,3.1009484917524937,,,,,,4,,,,,,,,,"[4.147163263827638, 0.5784493026633557, 0.6968355760948832, 0.0667861188765757]"
traveler (traveler.111),111,97.5,0.5445631285148315,4,,,1.9636999328302043,2.5945052320854964,,,,,,4,,,,,,,,,"[1.3651346844513192, -0.4189406454443678, -1.347319893591379, 1.0843102966818203]"
traveler (traveler.112),112,97.5,0.7753221207985976,1,,,2.0420357418339923,3.1256142015987916,,,,,,1,,,,,,,,,"[-1.5289939018311436, 0.24705287450374525, -0.8522858751203131, -0.27013462315448833]"
traveler (traveler.113),113,97.5,0.8466389797674913,1,,,3.3455918885502003,2.5420941810686952,,,,,,1,,,,,,,,,"[0.35811159059500347, 0.3191184232856632, -0.3665115186527156, 0.6573373371700846]"
traveler (traveler.114),114,97.5,0.6246107846197927,4,,,2.779863426588426,3.0584040604450666,,,,,,4,,,,,,,,,"[-1.0507956080638088, 1.722332388766418, 1.242394854714642, -0.2897602903999592]"
traveler (traveler.115),115,97.5,0.7440635876218176,2,,,2.437764340408291,1.7585437672392017,,,,,,2,,,,,,,,,"[-1.8866966134980487, -0.4599029937601143, -0.11346111531158506, -0.14703782820226902]"
traveler (traveler.116),116,97.5,0.6612108352259455,4,,,3.068503052288288,2.8376448550757027,,,,,,4,,,,,,,,,"[3.2029175898001507, 0.060572660325596404, -0.7313900913309387, 1.1430167748708464]"
traveler (traveler.117),117,97.5,0.795185487352391,1,,,2.5981928211923213,3.289099568598382,,,,,,1,,,,,,,,,"[-1.3205822971637544, 1.4800124901455356, 0.2719444348584804, 1.7218756644093112]"
traveler (traveler.118),118,97.5,0.7309875215731805,2,,,2.750190464890413,3.18683876417513,,,,,,2,,,,,,,,,"[0.6142087337972872, -0.9089466280829616, 0.72087699546669, -0.5588980763769871]"
traveler (traveler.119),119,97.5,0.4193128323415627,4,,,2.5091264201814614,2.080786498522561,,,,,,4,,,,,,,,,"[-2.5000534144413273, -0.14642698821161462, 2.416282810000605, 0.783386707905502]"
traveler (traveler.120),120,97.5,0.8061658441288276,1,,,1.6962568144938361,2.4375479384459626,,,,,,1,,,,,,,,,"[2.1571778563384574, 2.002729298115175, -0.5404776063984409, -0.05515503200122073]"
traveler (traveler.121),121,105.0,1.520100641852517,3,,,1.221892895663101,1.6771098547169365,,,,,,3,,,,,,,,,"[-1.932245240768064, -0.7598260327989682, 1.4663421852722107, 1.6398373247410223]"
traveler (traveler.39),39,60.0,1.4612496883143393,,,,1.8812303031707034,1.1762270912711141,SAV (sav.3),1,7.592264727172437,1,False,,,,,1.8812303031707034,1.1762270912711141,72.18452945434487,"[2, 7.592264727172437, 12.184529454344874]","[2.066519127227597, 4.133038254455194]",
traveler (traveler.122),122,105.0,1.0728622815565492,0,0.0,1.0,1.4351440097317685,2.6308250556146957,SAV (sav.3),,,,False,0,6.880772359943386,6.880772359943386,normal,,,,,,"[15.747032363294228, 0.9533787496078965, 0.6423118637900842, 1.1769849854860177]"
traveler (traveler.123),123,105.0,2.178432841637707,2,,,3.019017652643814,0.38429909444415045,,,,,,2,,,,,,,,,"[1.883242999536778, -0.33005824252155114, 1.0529010591125652, -0.237995844843651]"
traveler (traveler.124),124,105.0,2.7004567859299686,1,,,4.92451819175887,3.689192326962092,,,,,,1,,,,,,,,,"[5.2827582828666735, 1.3001113926840446, 0.28161494715143476, 2.0683944903466536]"
traveler (traveler.125),125,105.0,3.123265093408027,1,,,0.21184725483419597,0.37417266493930734,,,,,,1,,,,,,,,,"[1.0762263401756569, 2.8012851017976983, 0.47737025174584596, 0.5931608839656656]"
traveler (traveler.126),126,105.0,1.6615549345926115,3,,,2.2831970953027336,4.147349781067726,,,,,,3,,,,,,,,,"[-1.8043835024898984, -0.4723855060381374, 1.1195177656255186, 5.376897026669364]"
traveler (traveler.127),127,105.0,2.611823490719625,1,,,3.411592055309845,4.947574691683753,,,,,,1,,,,,,,,,"[4.362220914100492, 1.6107854840400386, 2.4579844086118783, 0.0033680226644695493]"
traveler (traveler.128),128,105.0,1.264883264188958,2,,,2.1959486785820004,1.272204224649196,,,,,,2,,,,,,,,,"[1.5234961962416098, -0.6506355826983755, 0.915356046278981, 0.6007475150764299]"
traveler (traveler.129),129,105.0,1.668143413835149,2,,,0.8805895010369569,2.9002650184188634,,,,,,2,,,,,,,,,"[-1.9911094365155688, -0.3483420898402961, 0.4709070413942336, -0.41172839579649245]"
traveler (traveler.130),130,105.0,2.193598483693921,1,,,0.6415321048643291,1.334679704796034,,,,,,1,,,,,,,,,"[1.2219386529814613, 1.4327002566609088, -0.3622526416699857, -0.09492158684012982]"
traveler (traveler.131),131,105.0,0.9592283968540002,3,,,3.2584921817793613,3.087204161693937,,,,,,3,,,,,,,,,"[4.635690334193427, -0.25413412854880235, 0.5865376647712642, 1.2222648103397926]"
traveler (traveler.132),132,105.0,0.7111343536624408,3,,,2.6848825867935098,1.8133192167684917,,,,,,3,,,,,,,,,"[-1.1141042775963579, -0.19199211842365538, 0.3008163098262171, 2.45820750775885]"
traveler (traveler.133),133,105.0,0.07379426480828646,4,,,2.4462258836594772,2.5505365009709955,,,,,,4,,,,,,,,,"[2.152344159158369, -0.6960321736045895, 0.324824502336523, 3.983095237042991]"
traveler (traveler.134),134,105.0,0.18488830154098257,4,,,2.499775044363904,2.68488816468793,,,,,,4,,,,,,,,,"[1.9151828213241975, -0.08296546555844418, 0.44576466966480705, -0.44607717708494943]"
traveler (traveler.135),135,105.0,0.9198748770948695,1,,,3.418142880385255,2.5564219878076666,,,,,,1,,,,,,,,,"[-2.5573558168728, 0.5367358125283332, 0.5264528327480157, 0.6001232602796044]"
traveler (traveler.136),136,105.0,0.9458406768378581,2,,,2.7606720322882037,3.409211019260015,,,,,,2,,,,,,,,,"[4.549269349037961, -0.5035702948076414, 0.012714131781477496, -0.8331028865109058]"
traveler (traveler.137),137,105.0,0.5802044121687457,4,,,2.5642681405412207,3.0766339965796794,,,,,,4,,,,,,,,,"[7.073315402449336, 0.11888308938102192, 1.0047302975083343, 0.7418119119862153]"
traveler (traveler.138),138,105.0,0.7557981905195207,3,,,2.098666109771576,1.8595610775829587,,,,,,3,,,,,,,,,"[1.383600346501652, 0.1710734774873286, -0.5188040252997145, 2.0369017859405636]"
traveler (traveler.139),139,105.0,0.5749646341597732,4,,,2.082526879904884,2.1046513886042715,,,,,,4,,,,,,,,,"[-1.5272752728648031, 0.43797926619412275, 0.6248780795444793, -1.1925138701553175]"
traveler (traveler.140),140,105.0,0.919899034796667,1,,,2.9908345204689812,3.278007524215431,,,,,,1,,,,,,,,,"[-1.5817911211411129, 0.6113689166663909, -0.2700370411135741, 0.12341231298497468]"
traveler (traveler.141),141,105.0,0.871949528978589,1,,,1.6653005863507544,2.7521366096773505,,,,,,1,,,,,,,,,"[0.028528390648295775, 0.38245897841424703, -1.189786276103999, -0.4388066141712164]"
traveler (traveler.142),142,105.0,0.8080833302558349,3,,,3.1391797536646084,2.994416738331755,,,,,,3,,,,,,,,,"[-0.1919007885660736, 2.454505116567684, -0.8810003656330617, 2.867484643594036]"
traveler (traveler.143),143,105.0,0.5703989997007061,4,,,2.954494871208391,2.8446584264236607,,,,,,4,,,,,,,,,"[-1.0350483503656756, 1.0483681568975458, 0.5155667528880401, 1.2343020261165956]"
traveler (traveler.144),144,105.0,0.42962148167963193,4,,,2.518292328602506,2.070768118338234,,,,,,4,,,,,,,,,"[-0.778296612808571, -0.13425194009009345, -0.23740432675435608, -0.4575544734344324]"
traveler (traveler.145),145,105.0,0.8602482693688356,3,,,3.1033492448459885,3.1131857579036324,,,,,,3,,,,,,,,,"[2.6465224406315144, 0.46516741097495834, -0.2679211136392484, 1.089220182583526]"
traveler (traveler.146),146,112.5,1.348101230575243,3,,,3.7210300272320973,3.071369058031731,,,,,,3,,,,,,,,,"[0.8500506909040698, -0.6850634055239777, -0.7730303152931891, 0.23908645563287834]"
traveler (traveler.147),147,112.5,1.2042946836674377,2,,,2.027437449076034,3.6077049790327242,,,,,,2,,,,,,,,,"[2.393450371592707, -0.2778709416166891, 0.728015652588777, -0.582511070910977]"
traveler (traveler.148),148,112.5,1.7296755874608005,1,,,4.193090503088974,2.8538674698355178,,,,,,1,,,,,,,,,"[-0.32033579542894375, 0.49549225990673096, -0.5641878160900566, -0.5840199583365252]"
traveler (traveler.149),149,112.5,3.0192275642596287,2,,,0.6320660056518346,0.12796339034498894,,,,,,2,,,,,,,,,"[1.5131705263282411, -0.2099523329338147, 1.9875649138859366, 0.30013724931247426]"
traveler (traveler.150),150,112.5,1.579303604203666,3,,,2.028303987341648,0.99278311252398,,,,,,3,,,,,,,,,"[-3.0003486924761744, -1.0855044252227128, 0.7454404982507125, 2.507326862580601]"
traveler (traveler.151),151,112.5,2.0106110999766007,1,,,3.8733920918099596,3.9684519595488914,,,,,,1,,,,,,,,,"[-1.150223079727972, 1.5167041129363594, -0.16001679860011261, 0.314170258073069]"
traveler (traveler.152),152,112.5,0.6359327342648172,4,,,2.9347111939570425,2.964151505823227,,,,,,4,,,,,,,,,"[1.4975852623145398, 0.7918922488268269, 0.05397642872996658, -1.1101316315158303]"
traveler (traveler.153),153,112.5,0.3287653432297811,4,,,2.2294862829213096,2.6868394492104546,,,,,,4,,,,,,,,,"[0.8675516604937452, 0.7029065015083784, 0.3479905310311141, 0.045615604032180214]"
traveler (traveler.154),154,112.5,0.7110940246608433,2,,,2.017354505034486,1.9777854482132369,,,,,,2,,,,,,,,,"[0.7087090160528582, 0.142246087526936, 2.2921805930603036, -0.5946982228818621]"
traveler (traveler.155),155,112.5,0.867315055401376,2,,,1.6421763673940364,2.372038987700938,,,,,,2,,,,,,,,,"[-1.8541153133482273, -0.22122005758803015, 1.2743767675077982, 0.1941762401620138]"
traveler (traveler.156),156,112.5,0.48867853364012065,4,,,2.0231714075442624,2.6069635576135095,,,,,,4,,,,,,,,,"[4.129900279732694, 0.5624543890879817, -1.3051605433047753, 0.9143702535457038]"
traveler (traveler.157),157,112.5,0.8242020679612123,1,,,3.2962794422867354,2.712716004623687,,,,,,1,,,,,,,,,"[-0.3504556423821117, 2.9438891760763264, 0.6605419353899656, -0.4560164084265456]"
traveler (traveler.158),158,112.5,0.25704977439239357,4,,,2.6408144901045656,2.284951480145127,,,,,,4,,,,,,,,,"[-0.918047156755313, 0.3980104230207315, -0.43172907619627177, 3.6927955090381857]"
traveler (traveler.159),159,112.5,0.7846246703766242,3,,,2.40401887738787,3.2787319805078905,,,,,,3,,,,,,,,,"[1.3346982129470983, -0.40085129385455126, -0.5889311084882549, 1.0855909643476513]"
traveler (traveler.160),160,112.5,0.31783899982912706,4,,,2.8086733690818155,2.5757784998008084,,,,,,4,,,,,,,,,"[1.8274591060035754, -0.9616556023054299, -0.24092380632084, -0.1942146479356056]"
traveler (traveler.161),161,112.5,0.8155822659330921,1,,,3.0244552391545048,1.8754032223682642,,,,,,1,,,,,,,,,"[0.8919721387717721, 0.06840607849171074, 0.09570814479370726, 0.173169414288024]"
traveler (traveler.162),162,120.0,2.298720576423316,3,,,3.9985610232259248,0.7568903797695303,,,,,,3,,,,,,,,,"[-1.0429992306167235, 0.44545673586567724, 0.7310475480227966, 1.9848202185811155]"
traveler (traveler.163),163,120.0,2.699390713648475,1,,,4.646276079913652,0.8628655480620684,,,,,,1,,,,,,,,,"[-0.5955135194360228, 5.6485790896683366, 0.2180771861174833, -0.2918636520967729]"
traveler (traveler.164),164,120.0,1.2914670640271775,1,,,3.79115836171196,2.528235836241639,,,,,,1,,,,,,,,,"[6.235138678993437, 2.891365173772955, 0.1770399982839452, 1.7730756498095952]"
traveler (traveler.165),165,120.0,2.351402870924248,1,,,3.2929933326521965,0.28634758018338424,,,,,,1,,,,,,,,,"[2.9294783458387488, 0.7602794299834588, 0.49772510516480234, 1.4109475338821915]"
traveler (traveler.166),166,120.0,2.1692656253869558,1,,,1.2111396773976306,0.7551354143353195,,,,,,1,,,,,,,,,"[-1.5426670447813946, 0.020403667198017478, 0.5246704097995364, -1.6708007258903728]"
traveler (traveler.167),167,120.0,0.9510520156768215,2,,,1.5640773184817862,2.331036481030071,,,,,,2,,,,,,,,,"[-0.87758661924548, 0.4280704028781699, 0.7865810104569011, -0.5715581439622613]"
traveler (traveler.168),168,120.0,0.5701294505156577,4,,,2.638574407138596,3.0530322992660306,,,,,,4,,,,,,,,,"[-0.5046502925467005, 1.0119448654342793, 2.410671396059997, -0.2696515818577725]"
traveler (traveler.169),169,120.0,0.42311926297718705,4,,,2.0768838491662507,2.4983771611324954,,,,,,4,,,,,,,,,"[-0.055877862243782966, -0.048894621603772385, -0.49344454225125844, 2.267051737567194]"
traveler (traveler.170),170,120.0,0.8929344990071426,1,,,1.6086423864681045,2.446956392318576,,,,,,1,,,,,,,,,"[2.8097638067211324, 1.4770918907150883, 1.7640436369764807, 0.14706688269187237]"
traveler (traveler.171),171,120.0,0.48271197865474896,4,,,2.613770059523522,2.0308867643171884,,,,,,4,,,,,,,,,"[2.3408089928503935, -0.8812560133398362, -0.1024255033620748, 1.8553892953873645]"
traveler (traveler.172),172,120.0,0.9711688038215286,3,,,3.4257403890574016,2.206446635883713,,,,,,3,,,,,,,,,"[2.5244794453241934, -0.11417465136736411, 0.004647272575254873, 4.276524935250574]"
traveler (traveler.173),173,120.0,0.9026654331828056,3,,,2.8547091491058714,3.3300519886149846,,,,,,3,,,,,,,,,"[-0.5949447751793727, -0.23251649354621398, 0.00112064909887838, 0.8124371656216561]"
traveler (traveler.174),174,120.0,0.6651350785603315,4,,,1.9418455274172317,2.8617571802567436,,,,,,4,,,,,,,,,"[4.535759028633167, 1.6186231081650326, 2.272973191681565, 0.2506869016751401]"
traveler (traveler.175),175,120.0,0.804069896766363,2,,,2.8991610508481296,1.8020036859898998,,,,,,2,,,,,,,,,"[-0.24704985731271595, -0.3867649592300743, 0.7850846894383554, -0.3847458319301524]"
traveler (traveler.176),176,120.0,0.5827506647344225,4,,,2.5097150195642564,3.082669679701353,,,,,,4,,,,,,,,,"[-0.8517762412744647, 0.35255939946316767, -0.5514839536486406, 1.9872414348235976]"
traveler (traveler.177),177,120.0,0.3204551377664083,4,,,2.5265850307953563,2.1806495162701367,,,,,,4,,,,,,,,,"[0.20716081485460147, 3.939411350222463, 0.7885615609094492, 2.295734887039085]"
traveler (traveler.178),178,120.0,0.6636261470856937,4,,,3.1265681609422815,2.718659559107783,,,,,,4,,,,,,,,,"[2.499162353504969, 1.2857503124736045, 0.5527327027439697, 1.4918733196692673]"
traveler (traveler.179),179,120.0,0.9815083024027,1,,,3.48092784304555,2.5337507692273036,,,,,,1,,,,,,,,,"[1.720762417082751, 1.468224208712795, 1.0231113126053288, 0.5298958781809189]"
traveler (traveler.180),180,120.0,0.3224503092879461,4,,,2.4921794480324855,2.822355457417453,,,,,,4,,,,,,,,,"[-0.03934933457485032, 0.8732138848041185, 0.3255803800633431, -0.7670651998171413]"
traveler (traveler.181),181,127.5,1.5278339985393155,1,,,3.468281534390987,1.3181761564217498,,,,,,1,,,,,,,,,"[-1.759223753708279, -0.259500350825531, -0.534416455326421, -1.2269980537428418]"
traveler (traveler.182),182,127.5,2.5506467050781896,1,,,4.754170885683292,3.6935293177228727,,,,,,1,,,,,,,,,"[0.5175872217062206, 3.7597411775835576, -0.43917018463584173, -0.32126152904680466]"
traveler (traveler.183),183,127.5,2.069542877591167,3,,,1.1215131722611345,0.9563738185885912,,,,,,3,,,,,,,,,"[0.4052908345819983, 0.5935649682571627, 0.8513871008435584, 2.7998903290088304]"
traveler (traveler.184),184,127.5,2.630787514193962,3,,,1.445588891690222,4.910240684975629,,,,,,3,,,,,,,,,"[1.0816306631411905, 1.3865022914877538, 1.1937013380617387, 3.1765614811909204]"
traveler (traveler.185),185,127.5,2.6384104854097337,1,,,0.5909206949410889,4.321160645444495,,,,,,1,,,,,,,,,"[-1.5866152592596037, -0.29664328234193554, -0.5321731922209367, 0.4844548973937795]"
traveler (traveler.186),186,127.5,1.5516045322112806,3,,,3.768275798157434,3.3938417780495107,,,,,,3,,,,,,,,,"[2.1880512408948922, -0.039065726120513455, -0.24675391249822118, 1.287470938826373]"
traveler (traveler.187),187,127.5,1.7605469987196949,2,,,1.1069859059354465,1.423413975365444,,,,,,2,,,,,,,,,"[1.011917958745517, -1.1486890892721409, 1.8190726721712753, 0.2766933430389786]"
traveler (traveler.188),188,127.5,2.051476019649346,1,,,1.4741923534172714,0.7234098583497861,,,,,,1,,,,,,,,,"[0.88077640466838, 1.539635603141898, 1.1144697161403267, -0.3262011922171485]"
traveler (traveler.189),189,127.5,2.371689861045389,1,,,2.0553296375715076,0.1703688992110336,,,,,,1,,,,,,,,,"[2.412152354475558, 0.8201279075671749, -0.7303128482136617, 1.4244221929025502]"
traveler (traveler.190),190,127.5,2.0713052071518896,2,,,1.2681326630525802,4.165175103506116,,,,,,2,,,,,,,,,"[3.3232061732698335, -0.48953708588051387, 4.88523194873648, 0.20473022604536625]"
traveler (traveler.191),191,127.5,2.3940993523000906,1,,,0.8019989698118468,4.187751228754903,,,,,,1,,,,,,,,,"[1.2879591290417005, 2.1856325717041996, -0.1968980923951439, -0.9543898356782815]"
traveler (traveler.192),192,127.5,0.6312629385622438,4,,,2.5759677376581287,3.1266751953263707,,,,,,4,,,,,,,,,"[2.054035370745528, 1.3532068479533006, 1.2661907008548925, 2.409806280613223]"
traveler (traveler.193),193,127.5,0.8392437204738334,3,,,3.136577199216617,1.9531001080706916,,,,,,3,,,,,,,,,"[1.0428033854617962, -0.4701823819794586, 0.8999674647891077, 2.091050995686442]"
traveler (traveler.194),194,127.5,0.972464284498214,3,,,3.3725688196538948,2.0706860826942224,,,,,,3,,,,,,,,,"[1.8427564641663126, -0.35872007260113375, -0.40663684726833577, 1.1901831762517698]"
traveler (traveler.195),195,127.5,0.4956266095026211,4,,,2.010716673656737,2.420958475409848,,,,,,4,,,,,,,,,"[2.828581310858625, 2.74407996268964, 4.2205476817843595, -0.853400702151366]"
traveler (traveler.196),196,127.5,0.7610571019185985,3,,,2.831601923169293,3.1850168442681994,,,,,,3,,,,,,,,,"[-0.7922419847451244, -0.6426193825376586, -0.09611267561088407, 3.316821782610953]"
traveler (traveler.197),197,127.5,0.9879002045661592,3,,,3.444437387650119,2.210198628384063,,,,,,3,,,,,,,,,"[-0.5757958726487575, 0.39564023344890414, 1.9100179824012262, 2.8041653088612613]"
traveler (traveler.198),198,127.5,0.6924345152213985,4,,,2.30918851417504,3.165624920467349,,,,,,4,,,,,,,,,"[2.2516884513418822, -0.24240681935998115, 1.8012327871125577, 0.9585989452529777]"
traveler (traveler.199),199,127.5,0.8996156387022541,2,,,2.7267128203743245,1.6294199666454647,,,,,,2,,,,,,,,,"[3.764941774286933, -1.0736826558249457, 0.44877334486034137, -0.01368611183869208]"
traveler (traveler.200),200,127.5,0.8947112431529154,1,,,1.613864044475362,2.623577008179806,,,,,,1,,,,,,,,,"[1.3538399482182113, 3.1502149180268315, -1.3036066264875275, 0.21996178733687705]"
traveler (traveler.201),201,127.5,0.9946923585228721,1,,,2.853330216066719,1.570177088624915,,,,,,1,,,,,,,,,"[-0.655184377044414, -0.26550610865872787, -0.45661635625082597, 0.040233037721582224]"
traveler (traveler.202),202,127.5,0.6002622393093243,4,,,2.685909913431505,3.0707471068945815,,,,,,4,,,,,,,,,"[4.782361404377359, -0.7245458655967163, 0.05483780438245753, 1.3210725398778667]"
traveler (traveler.203),203,127.5,0.3220367799663391,4,,,2.2198058657098287,2.6587417234392703,,,,,,4,,,,,,,,,"[3.2453023666100536, 2.8602329591101006, 1.4097544321321602, -0.19341591013781384]"
traveler (traveler.204),204,127.5,0.8214233406739665,3,,,2.2467900402440084,1.7185775656635214,,,,,,3,,,,,,,,,"[-1.5023700061551961, -0.7403978870867823, -0.9816087048205787, 2.1957349060669995]"
traveler (traveler.205),205,127.5,0.8808619370586865,2,,,1.8507041000600863,1.9047415800847507,,,,,,2,,,,,,,,,"[-1.4518890518366774, -0.052634564590353206, 3.260547996526135, -0.22369241400401355]"
traveler (traveler.206),206,127.5,0.7116698678561214,1,,,2.5752290349175238,1.79231744890825,,,,,,1,,,,,,,,,"[0.4851279897636984, 2.929921611170301, -0.09378130708914803, 1.4644180771410011]"
traveler (traveler.207),207,127.5,0.8734351230441889,1,,,1.6942983064721704,2.1627557336089986,,,,,,1,,,,,,,,,"[-0.6176459082529795, 2.977381770877276, -1.3039308128521567, 0.12382216243583277]"
traveler (traveler.208),208,127.5,0.5594679171203164,4,,,2.6010675540084005,3.0502633004423467,,,,,,4,,,,,,,,,"[2.5718164250903843, 0.31165013515886897, 3.202055464801691, -1.5210847350010814]"
traveler (traveler.209),209,135.0,2.3384521104145493,1,,,4.16506895608629,4.141920717994621,,,,,,1,,,,,,,,,"[3.421795424609462, 2.5662835026788513, -0.30647589580251094, 0.041268310489974994]"
traveler (traveler.210),210,135.0,2.5026936115840255,1,,,3.336025185648657,0.1410728704717007,,,,,,1,,,,,,,,,"[-0.47883845533783725, 0.46822630441678104, -0.45014123807919565, 0.6592196661088855]"
traveler (traveler.211),211,135.0,1.0841269759990857,1,,,2.585547050309435,3.580746502317855,,,,,,1,,,,,,,,,"[2.1749121650791983, 0.8780173444368858, -0.8692815995478045, -0.8313073483739918]"
traveler (traveler.212),212,135.0,2.5698543934077636,1,,,3.3270884847183306,4.933120679654735,,,,,,1,,,,,,,,,"[-0.6483600371065927, 2.5936566433212325, -1.2646704550668724, -0.2779867486726581]"
traveler (traveler.213),213,135.0,2.5695617089325573,2,,,4.9250874632153945,3.349469347162055,,,,,,2,,,,,,,,,"[4.434115815189932, -1.412767942771448, 0.18880193587626537, -0.15674750095623297]"
traveler (traveler.214),214,135.0,1.328844117859219,1,,,3.5319460408571555,1.6627938973417073,,,,,,1,,,,,,,,,"[-0.6846815686086897, 2.4042233516150042, 1.0656319942149213, 0.30627656659506214]"
traveler (traveler.215),215,135.0,1.808994101777467,1,,,3.883798408604688,3.6651444651238734,,,,,,1,,,,,,,,,"[0.030617066976704445, 0.6456332159561385, -0.4951023322188613, 0.4211735973161052]"
traveler (traveler.216),216,135.0,2.1508278083819485,3,,,2.673790413140527,4.643795035354253,,,,,,3,,,,,,,,,"[0.22682191715483419, 0.34977346014217325, 1.0280001297289898, 2.556973424098631]"
traveler (traveler.217),217,135.0,1.1445865387060676,1,,,3.506707489872122,3.0446268212478227,,,,,,1,,,,,,,,,"[-0.6501900917182035, 1.124834330612825, -0.7801458481748148, 1.209626809123247]"
traveler (traveler.218),218,135.0,2.0668463175544134,3,,,0.6466788866998385,1.5850931460612565,,,,,,3,,,,,,,,,"[-0.9889420967151188, 1.5391950470933804, 0.9693815941245303, 3.9813115444329314]"
traveler (traveler.219),219,135.0,1.7842606472437381,3,,,2.458884820910643,4.283786870495209,,,,,,3,,,,,,,,,"[-0.17682213282796602, -1.4304173495758175, -0.9595531073418413, 2.2949526196886176]"
traveler (traveler.220),220,135.0,0.9039867682885001,2,,,1.6010760410871427,2.4044605142722544,,,,,,2,,,,,,,,,"[-0.2511122889561424, 0.4399942209412864, 1.3043560095553286, -1.0025470972718022]"
traveler (traveler.221),221,135.0,0.7979026112896179,1,,,2.917328913663347,3.18006261103178,,,,,,1,,,,,,,,,"[-1.6670650137586822, 1.3639328773922699, -0.030620511797282788, 0.4664262197010507]"
traveler (traveler.222),222,135.0,0.9440655307369421,1,,,3.0912495084680973,3.2359916745873267,,,,,,1,,,,,,,,,"[-0.07943537724254089, 3.258415303249942, -0.08978435871969312, -0.37096398685732695]"
traveler (traveler.223),223,135.0,0.5699614626390084,4,,,2.7459402062592093,3.0141687309033633,,,,,,4,,,,,,,,,"[4.433772950026074, -1.5184158355202724, 0.5356897345965282, -0.5869886300798984]"
traveler (traveler.224),224,135.0,0.3947912365337824,4,,,2.879836970453044,2.3923710247148744,,,,,,4,,,,,,,,,"[1.2201487024872453, -0.48690449832826826, 1.2421483401102507, -0.6986146064442312]"
traveler (traveler.225),225,135.0,0.9077481401182825,1,,,2.7013953896412666,3.3851251792370634,,,,,,1,,,,,,,,,"[-1.1037335775521548, 0.04608648218825699, -0.3292629444037994, 0.21557344306888182]"
traveler (traveler.226),226,135.0,0.5821383368310922,4,,,2.7192485923695475,1.9607272508716558,,,,,,4,,,,,,,,,"[3.2249579523942353, 1.2408756324274621, 1.0553856799258357, -0.08197266603510713]"
traveler (traveler.227),227,135.0,0.7760917606142358,1,,,2.3599641810454925,1.7366466150575839,,,,,,1,,,,,,,,,"[-0.5153280288446394, 1.8560701464158627, -0.45753539571262775, 0.09052440510989578]"
traveler (traveler.228),228,135.0,0.5292503184596858,4,,,2.3615539674236343,3.0108214909863746,,,,,,4,,,,,,,,,"[1.1708476870192046, 1.6911853644995694, -0.4432681029940791, 0.8452770979659241]"
traveler (traveler.229),229,135.0,0.48105400506411505,4,,,2.1056820818529207,2.224452662476338,,,,,,4,,,,,,,,,"[3.865386291382907, 1.1016294093831311, 5.049573396530634, -0.27087552381942676]"
traveler (traveler.230),230,135.0,0.4943515665399511,4,,,2.12580700371623,2.1769472599208015,,,,,,4,,,,,,,,,"[1.4857442501366103, 3.0010711730616704, 0.5460711640357463, 2.0824751608621743]"
traveler (traveler.231),231,135.0,0.8425452479857157,3,,,2.0949823149367566,3.238811998880177,,,,,,3,,,,,,,,,"[-1.3119300260650772, -0.08857936473837846, -0.7771672270867641, 2.722357430636133]"
traveler (traveler.232),232,135.0,0.8726817059887029,2,,,3.317994245745661,2.8040703436613645,,,,,,2,,,,,,,,,"[-1.3127575275025678, -0.47380699101542884, 0.7808589612421062, 0.7444785862395579]"
traveler (traveler.233),233,135.0,0.9644848302813648,1,,,2.7632596347983194,1.5721393679389513,,,,,,1,,,,,,,,,"[3.2198124103794727, 1.1264100093784326, -1.0249096940383153, -0.023089981140739933]"
traveler (traveler.234),234,135.0,0.3643351093915752,4,,,2.2280783704663922,2.257515568897386,,,,,,4,,,,,,,,,"[1.9067064680159733, -0.7183114367652362, 0.6897946376893405, 1.739956688484053]"
traveler (traveler.235),235,135.0,0.38851723395233945,4,,,2.212775098983121,2.7616247261132267,,,,,,4,,,,,,,,,"[2.6519630416077353, -0.26478731047759324, 2.8476698820773785, 1.9902437130147368]"
traveler (traveler.236),236,135.0,0.4822532839048917,4,,,2.818339569311144,2.1377457406077225,,,,,,4,,,,,,,,,"[0.6604169730269895, -0.43375764334205497, -0.6289455772459979, 1.2645908915395399]"
traveler (traveler.237),237,142.5,1.5958602836969547,1,,,1.023525769783122,1.8943648849457273,,,,,,1,,,,,,,,,"[-0.3875186465037406, 0.24312886930195296, 0.7368581806741822, 0.401003210775249]"
traveler (traveler.238),238,142.5,0.8884165901985664,1,,,2.949593328241175,1.7337429433009632,,,,,,1,,,,,,,,,"[-1.189707681681044, 1.653757248125729, 0.5022330115369447, -1.3727413839024893]"
traveler (traveler.239),239,142.5,0.7908718752004569,2,,,2.5727663247281396,1.7124827716369337,,,,,,2,,,,,,,,,"[1.45166352344567, 1.2714149868424474, 2.3079162377895126, 0.10035758148430159]"
traveler (traveler.240),240,142.5,0.8052447325652503,2,,,2.555179742020574,3.303351900100214,,,,,,2,,,,,,,,,"[-0.9830475741000575, -0.7082055937181666, 3.458154780128947, 1.0039003612208703]"
traveler (traveler.241),241,142.5,0.5407868304394008,4,,,2.197256384779874,2.948103447230817,,,,,,4,,,,,,,,,"[-0.2569121438751072, 0.7905712035828473, -0.3364118017021018, 2.0697019281447133]"
traveler (traveler.242),242,142.5,0.7287061277797687,2,,,2.7817372634211885,3.1720392362531555,,,,,,2,,,,,,,,,"[-0.7507129240890774, -0.1855734218690738, 2.2206909946802087, -1.1268740906044195]"
traveler (traveler.243),243,142.5,0.8676836125197173,3,,,1.900023533272825,1.8731801767582315,,,,,,3,,,,,,,,,"[2.289750164427199, -0.07790130372921378, 0.48532107134521346, 0.9457988552952132]"
traveler (traveler.244),244,142.5,0.7597432688090942,3,,,3.1968018695831146,2.197217918221366,,,,,,3,,,,,,,,,"[-1.9376556158857434, -0.6270945022992747, 0.09557666630307797, 0.5061150219938436]"
traveler (traveler.245),245,142.5,0.015442487822096167,4,,,2.507871534833729,2.5132856828765773,,,,,,4,,,,,,,,,"[2.554958070724155, 0.3929066765545042, 1.1148306515685784, -0.9534098893006206]"
traveler (traveler.246),246,142.5,0.54347106501559,4,,,2.0601404920687014,2.819193376797852,,,,,,4,,,,,,,,,"[-0.3686639424082261, 1.4503137379463298, 1.9547497472713502, -0.7945463373908184]"
traveler (traveler.247),247,142.5,0.8233741402727323,2,,,1.6770780106993104,2.4727167744711736,,,,,,2,,,,,,,,,"[-2.082185000880783, -0.3701512520050632, 0.4000334587746853, 0.33025920916385754]"
traveler (traveler.248),248,142.5,0.20027286720469162,4,,,2.6509731642397947,2.3684084918476422,,,,,,4,,,,,,,,,"[-1.0261204537366932, -1.7846307170351428, 1.8192863861910562, -0.302457567523694]"
traveler (traveler.249),249,142.5,0.6359820021848535,4,,,2.5357168444026583,1.865021721529806,,,,,,4,,,,,,,,,"[6.9845787457047965, 2.4111640829659016, 0.1647828211270682, 0.391180227435025]"
traveler (traveler.250),250,142.5,0.3376971105809921,4,,,2.162336939162878,2.504795397883055,,,,,,4,,,,,,,,,"[1.65008450758784, 0.6172131893069511, -0.2752447626966888, -1.4263694333550658]"
traveler (traveler.251),251,142.5,0.44638885649459303,4,,,2.056857457534571,2.4462626921047783,,,,,,4,,,,,,,,,"[1.935802045744493, -0.21968204870407904, 0.880163414596096, -0.31888301102443023]"
traveler (traveler.252),252,142.5,0.6634790891832453,4,,,2.5165017795599622,1.8367261553062844,,,,,,4,,,,,,,,,"[1.0499827902647085, -0.38706806848036013, -0.620112742292913, 3.807440128819907]"
traveler (traveler.253),253,142.5,0.8558502159222194,1,,,2.0214042434341364,3.2095249776373334,,,,,,1,,,,,,,,,"[3.698318237127908, -0.10622990395419267, -0.8939501195754949, 0.1967955178363858]"
traveler (traveler.254),254,142.5,0.6983301983370921,4,,,3.175460813949604,2.3227494577495995,,,,,,4,,,,,,,,,"[-0.16878251764573052, 0.9639912730230698, 1.4781415009919017, -1.1108783591937696]"
traveler (traveler.255),255,142.5,0.9753458318918937,3,,,3.4299267317697737,2.794169619996487,,,,,,3,,,,,,,,,"[1.6003974568585602, -0.29341586826916605, 0.20078118299488293, 2.0805947814300496]"
traveler (traveler.256),256,142.5,0.869996986715679,3,,,3.067002023506153,3.1598510909548376,,,,,,3,,,,,,,,,"[1.2345751785396404, -1.1632182389450625, -0.7117720545142794, -0.2671415664502685]"
traveler (traveler.257),257,150.0,1.695751398176774,1,,,1.8489599981722882,4.065796832427074,,,,,,1,,,,,,,,,"[1.1246619605685033, -1.1106547580996002, -0.9954620280928801, -1.2002555408634759]"
traveler (traveler.258),258,150.0,2.253172589900213,2,,,0.5868019231138688,3.690151183033837,,,,,,2,,,,,,,,,"[-1.1322420965842441, -0.16492510025947726, 1.4057921792668548, 1.5313175137883823]"
traveler (traveler.259),259,150.0,1.651311044730419,1,,,4.107453700789341,2.8780486295006504,,,,,,1,,,,,,,,,"[-0.5267039449444311, 3.309679395104142, -1.0839789262655635, 1.159371723670197]"
traveler (traveler.260),260,150.0,1.1388407978425181,2,,,1.5562470389934457,3.1374078062135298,,,,,,2,,,,,,,,,"[-1.37204871486858, 1.7007664158202147, 3.3507356749608, 0.5802803062296072]"
traveler (traveler.261),261,150.0,1.388899303622961,1,,,1.7225069629611185,3.6508891575475038,,,,,,1,,,,,,,,,"[1.780892668586446, 2.6176800020048208, 1.2931877738644844, -0.05158159644114913]"
traveler (traveler.262),262,150.0,2.426859593600249,1,,,0.7866485183665956,4.21874203632604,,,,,,1,,,,,,,,,"[0.8943039763964951, 1.3870538005723219, -0.7283073310063115, 0.6430291310862164]"
traveler (traveler.263),263,150.0,2.0903447330801526,2,,,1.320353421664902,4.225681040441202,,,,,,2,,,,,,,,,"[2.2078044026732226, -0.6477337641497902, 0.8390175233530456, -0.5150602723847182]"
traveler (traveler.264),264,150.0,0.9303366267473034,1,,,2.997339417623536,1.7137559267343037,,,,,,1,,,,,,,,,"[-1.5875572187825633, 1.8233909862508755, 1.9340106304139284, 2.06575087058763]"
traveler (traveler.265),265,150.0,0.4632535012919039,4,,,2.9463371024411833,2.3759556633956365,,,,,,4,,,,,,,,,"[0.4760790621343911, 3.025396705893005, -0.3382095839405181, 1.0211707769645166]"
traveler (traveler.266),266,150.0,0.9607425079942935,1,,,3.4594384268245726,2.4499592985705188,,,,,,1,,,,,,,,,"[-1.363782804718527, 0.8526573129161, -1.0610413209806187, 0.3144261481793685]"
traveler (traveler.267),267,150.0,0.7882445879925905,3,,,1.7338788209340146,2.314560334647215,,,,,,3,,,,,,,,,"[-0.012614009136966723, 0.2525029788420394, 1.139599541387797, 1.482247552877605]"
traveler (traveler.268),268,150.0,0.9637261967362248,1,,,2.574680070510717,1.5391716754049227,,,,,,1,,,,,,,,,"[0.6235492971323338, 0.2036747790538913, -0.6293261306879885, -0.6884390933852442]"
traveler (traveler.269),269,150.0,0.587374996407833,4,,,1.9556977213351072,2.720781375675819,,,,,,4,,,,,,,,,"[-1.004685977644114, -0.2601751630449279, 1.3026807865451795, 0.8957276763138604]"
traveler (traveler.270),270,150.0,0.41981848611883854,4,,,2.262732828684147,2.846340657016884,,,,,,4,,,,,,,,,"[4.394649948384004, -0.798328193149031, -0.7496097343431458, -0.9301161872930047]"
traveler (traveler.271),271,150.0,0.38543565660108564,4,,,2.7400164697798135,2.198416280920296,,,,,,4,,,,,,,,,"[-1.5859986720177282, 1.2491424080892226, 0.7461122498936432, -0.4784801271269324]"
traveler (traveler.272),272,150.0,0.7939322877513444,2,,,1.8025557430680594,2.879341516323664,,,,,,2,,,,,,,,,"[1.6147057350576313, 0.45759874569191, 2.556663122302198, 0.2406454918406058]"
traveler (traveler.273),273,150.0,0.9649095167379199,1,,,2.1617176677557772,1.5963322296425442,,,,,,1,,,,,,,,,"[3.6114304012387572, 0.1732330355862413, -0.3363442155909824, -1.0077633598373505]"
traveler (traveler.274),274,157.5,2.963577797895781,1,,,4.426672632138296,4.75182724309617,,,,,,1,,,,,,,,,"[-0.3946451756795313, 1.1082438110065567, -0.304276979288682, 0.2533662687794805]"
traveler (traveler.275),275,157.5,3.091230322954254,1,,,4.9705752257860585,4.357945898912029,,,,,,1,,,,,,,,,"[-1.1550030498421897, 2.4860423231280953, -1.3454068523921447, -0.5690180709448842]"
traveler (traveler.276),276,157.5,2.825487945840168,1,,,0.12533748984560944,0.9688696675477493,,,,,,1,,,,,,,,,"[-1.2899495823795244, 3.731450557644708, 0.35135611620926754, 3.5065919940079615]"
traveler (traveler.277),277,157.5,2.951951843765703,3,,,4.177860832504798,4.928745090506213,,,,,,3,,,,,,,,,"[0.44112456724018656, -0.8682545810319768, -0.41285499499969647, 1.2804311196660931]"
traveler (traveler.278),278,157.5,1.0310920780480697,1,,,3.523783431896063,2.3774505896031872,,,,,,1,,,,,,,,,"[1.0436614459019726, -0.46787595714555547, -0.21016361259896157, -0.40233462633884864]"
traveler (traveler.279),279,157.5,2.2839276251782703,1,,,0.2528251007882537,2.0919186730501718,,,,,,1,,,,,,,,,"[1.5972500661630578, 1.1726512504668278, -0.7202013583455412, 2.278770689591987]"
traveler (traveler.280),280,157.5,1.790356386157773,2,,,0.9648439135129627,3.4212338354498955,,,,,,2,,,,,,,,,"[-2.0348822210145054, -0.12078004063809518, 2.8889324636852174, -1.0507920168902825]"
traveler (traveler.281),281,157.5,1.6476763293631331,1,,,1.2594390591873088,3.584364255438872,,,,,,1,,,,,,,,,"[2.975415754883068, 1.129191535609797, 0.3420442908400672, -0.647172751893432]"
traveler (traveler.282),282,157.5,0.8510846086092145,3,,,2.036943208939716,1.7859107763980382,,,,,,3,,,,,,,,,"[1.9042206182500168, -0.6544055283568405, 0.8334463138763333, 2.2545761217464473]"
traveler (traveler.283),283,157.5,0.17538455991778706,4,,,2.4099193786111766,2.3495166935910854,,,,,,4,,,,,,,,,"[-2.6300524702721364, 0.1894755079719389, 1.3704059242037165, 0.0836748025304247]"
traveler (traveler.284),284,157.5,0.8544070423501522,1,,,3.052297631399898,3.1519039195829377,,,,,,1,,,,,,,,,"[0.39428959648099554, 1.6499829046617043, 0.23371429540085226, 1.4424847698726273]"
traveler (traveler.285),285,157.5,0.4339624362625154,4,,,2.8765760104793645,2.7156708242167755,,,,,,4,,,,,,,,,"[3.544616470772149, 5.0207501881498, 2.436935181380378, -0.987621337822422]"
traveler (traveler.286),286,157.5,0.9088422766536558,3,,,3.1737500623709103,3.1099632261769514,,,,,,3,,,,,,,,,"[2.6906485126559367, -1.0149283986858837, 0.7090411085646953, 2.1770429190704514]"
traveler (traveler.287),287,157.5,0.7174165633617378,3,,,3.1174135340253306,2.8653588008904647,,,,,,3,,,,,,,,,"[0.8572712973339895, -0.8531381209236475, -0.4437785662074559, 0.18051070045904594]"
traveler (traveler.288),288,157.5,0.891872170608754,2,,,3.3775113585652488,2.6594044676141224,,,,,,2,,,,,,,,,"[0.7693771057301068, -0.3184082149471785, 1.5893434529354906, 0.7373484703545988]"
traveler (traveler.289),289,157.5,0.723247295083221,1,,,2.8491970893319394,3.133362489138169,,,,,,1,,,,,,,,,"[-0.2209039019505043, 1.3273493883456777, 0.049406617682354666, 1.2532128949295809]"
traveler (traveler.290),290,157.5,0.6334897694299335,4,,,2.618078839816759,3.1223878819192405,,,,,,4,,,,,,,,,"[1.530890355624301, 1.3555873125538933, 0.554708767499122, 0.42310616102722853]"
traveler (traveler.291),291,157.5,0.827273318646122,1,,,2.6455956801111156,3.3143605108775533,,,,,,1,,,,,,,,,"[4.986842360635265, 4.628937511908427, 1.8383407210994838, 1.4037595293154514]"
traveler (traveler.292),292,157.5,0.9666933448864037,3,,,3.3915035697495233,2.12621208129272,,,,,,3,,,,,,,,,"[-0.052998227383626216, -0.26720603617724065, -1.0358793401719824, 1.821464865978644]"
traveler (traveler.293),293,157.5,0.7047847243163647,2,,,2.86065669231309,3.105514870105991,,,,,,2,,,,,,,,,"[0.44261494408247615, -0.5042873684569716, 3.117501910746237, -1.1270143961271473]"
traveler (traveler.294),294,157.5,0.9355088544139433,1,,,2.9858695300550204,3.299442065725217,,,,,,1,,,,,,,,,"[1.4709375026820788, 1.8199808055308941, 1.516419705059875, 0.10200994701338773]"
traveler (traveler.295),295,157.5,0.804969099818423,3,,,2.811364556055293,3.242312174826045,,,,,,3,,,,,,,,,"[5.728301898636123, 0.8099782611543284, 0.6255823602844379, 2.0428377427130187]"
traveler (traveler.296),296,157.5,0.712284914137266,1,,,1.8233002160343332,2.2776777085212725,,,,,,1,,,,,,,,,"[4.8224511039300655, 1.9162686865967296, 0.8492844113397134, -0.07979274999823487]"
traveler (traveler.297),297,157.5,0.9923304505108284,2,,,2.460219302207923,3.4915327624915875,,,,,,2,,,,,,,,,"[1.0185295208739147, 0.6524272687210052, 3.7591348447806356, 0.29495404062066627]"
traveler (traveler.298),298,157.5,0.5073319000953745,4,,,2.300382307904931,2.0335898437458493,,,,,,4,,,,,,,,,"[3.0314488638388055, -0.7099250500361072, 0.7867055205881766, 1.526904562087421]"
traveler (traveler.299),299,157.5,0.8772508531187018,1,,,1.6228189374463233,2.4889346127635403,,,,,,1,,,,,,,,,"[-1.5315530830071735, 1.1902042621532725, -0.1337916885080521, 0.17520389286128754]"
traveler (traveler.300),300,165.0,1.490156189242886,1,,,1.6911587216201496,3.751535558714865,,,,,,1,,,,,,,,,"[0.7875635287079866, 1.1301227695615688, 0.573947928172517, 0.037332749033216255]"
traveler (traveler.301),301,165.0,2.3090736108968595,1,,,0.2786188625295599,3.130306895591976,,,,,,1,,,,,,,,,"[2.357225018319362, -0.000977106435788939, -0.8751318335004865, -0.8963971365719369]"
traveler (traveler.302),302,165.0,2.8530567212600197,3,,,0.2777948022778487,4.289339742459109,,,,,,3,,,,,,,,,"[2.2280379447847714, -1.0125242915304968, 0.3679238325197286, 0.9126430205929876]"
traveler (traveler.303),303,165.0,1.6652786686718677,2,,,2.041262098290071,4.100847457401335,,,,,,2,,,,,,,,,"[3.8875215908939986, 1.9633396295781032, 3.3709131412706608, 0.1836857883707599]"
traveler (traveler.304),304,165.0,1.5972557797613116,2,,,0.931140429762724,2.200157249786115,,,,,,2,,,,,,,,,"[1.6808738138228645, -0.6200724338989104, 3.6001219144224774, 1.2130530506193136]"
traveler (traveler.305),305,165.0,2.267113198573052,3,,,3.522831725877213,4.523269017131231,,,,,,3,,,,,,,,,"[-0.711419047166996, -1.0604973915156812, 0.6562353692485499, 1.5113267283243177]"
traveler (traveler.306),306,165.0,1.8067312197852408,2,,,1.756035875688688,0.8535507653485436,,,,,,2,,,,,,,,,"[-1.3014466380401684, -0.23309220277140855, 1.0158189358110095, -0.8236220814980753]"
traveler (traveler.307),307,165.0,1.768785277344486,1,,,1.0840026519881456,3.559977767584776,,,,,,1,,,,,,,,,"[2.0426506596654157, 1.1204959817403228, 0.8632197948268575, -0.3682436373386637]"
traveler (traveler.308),308,165.0,0.38119853456554764,4,,,2.8614221541529847,2.3788127513212007,,,,,,4,,,,,,,,,"[3.599275115143499, -0.744666988630586, 1.3512095655173855, 0.3926155893614416]"
traveler (traveler.309),309,165.0,0.9253955391036935,1,,,2.0048341842748965,3.281772165487048,,,,,,1,,,,,,,,,"[1.2857162481252844, 0.5292180890399227, 0.5807112160339745, -0.9290908260712442]"
traveler (traveler.310),310,165.0,0.7685358831933524,1,,,1.745918373829651,2.351648037329908,,,,,,1,,,,,,,,,"[0.3813261882822563, 0.4497509227854195, -0.8443268740365842, -0.496715898537475]"
traveler (traveler.311),311,165.0,0.7787389240879771,1,,,1.8075146240026458,2.1437721011494144,,,,,,1,,,,,,,,,"[2.664168290854756, 5.179200333351344, 0.989914974633304, 0.17583759617034178]"
traveler (traveler.312),312,165.0,0.9578277899919698,1,,,2.782087531850641,1.5846526890544144,,,,,,1,,,,,,,,,"[-1.010611598586318, 2.8202955782908954, 0.12399036464761831, -0.3447541599356626]"
traveler (traveler.313),313,165.0,0.5604904640184596,4,,,2.8477773967552205,2.939545722947898,,,,,,4,,,,,,,,,"[0.413750283914371, 2.193094349047165, 2.4751015584628666, -0.7942458454278539]"
traveler (traveler.314),314,165.0,0.7538699259686548,3,,,2.364181189004044,1.7584657014947793,,,,,,3,,,,,,,,,"[3.7426993525866603, 0.330857016539101, 0.8645599132467164, 1.4914880263322272]"
traveler (traveler.315),315,165.0,0.3507334783183596,4,,,2.356366107856658,2.8199738705598474,,,,,,4,,,,,,,,,"[0.23132895553728725, -0.15030395991565276, -0.8314765670896691, 1.2847368926641476]"
traveler (traveler.316),316,165.0,0.9676534155490693,1,,,1.9025317618144924,3.261173329132915,,,,,,1,,,,,,,,,"[8.265161263710745, 2.142392758677542, 1.4343215945540175, 0.3498347980136987]"
traveler (traveler.317),317,165.0,0.5194508556053438,4,,,2.678387178358588,2.9878598220661186,,,,,,4,,,,,,,,,"[1.405486383054193, 1.3880945488106882, 0.9081371135233174, 0.06053292763313785]"
traveler (traveler.318),318,165.0,0.7303330601321265,3,,,3.230158576727267,2.484036555711005,,,,,,3,,,,,,,,,"[3.4292384766812787, -0.3930755691964815, 2.0522868801128, 2.851249614503892]"
traveler (traveler.319),319,165.0,0.8158512037117093,2,,,1.835690077700937,2.973609030459574,,,,,,2,,,,,,,,,"[-1.8495349326835233, -0.10997675243989709, 1.7912537938040594, 0.9647667260461791]"
traveler (traveler.320),320,165.0,0.9679697011098427,2,,,2.79917667580995,3.420575178308641,,,,,,2,,,,,,,,,"[-2.3722067074354616, 0.1287326149857097, 2.6372377807696554, -1.1906262525401197]"
traveler (traveler.321),321,165.0,0.5006141288786844,4,,,2.3856484672019302,2.9873789418714107,,,,,,4,,,,,,,,,"[-0.8540278897250022, -0.552456256994031, -0.9229976873130156, 0.11013316126764391]"
traveler (traveler.322),322,165.0,0.48144538481691485,4,,,2.5426121006406097,2.979555906480675,,,,,,4,,,,,,,,,"[0.09388894259855123, -0.48240080025555426, -0.23791666377069717, 0.10589147403740269]"
traveler (traveler.323),323,165.0,0.4873590213175262,4,,,2.8757511833332208,2.189629473236808,,,,,,4,,,,,,,,,"[2.6499603568160452, 3.708551586350577, -0.9459914252379605, -0.07243897431470174]"
traveler (traveler.324),324,165.0,0.8215818948957455,1,,,3.268444048675348,2.209327410862456,,,,,,1,,,,,,,,,"[-0.1283263208229081, 0.5167624328451191, 0.2505159658547468, -0.26171051552515845]"
traveler (traveler.325),325,165.0,0.4445654515809764,4,,,2.2502011249401885,2.867748504766845,,,,,,4,,,,,,,,,"[0.6308818317578878, -0.40257989823490575, 0.07916657246170321, 2.34658994649597]"
traveler (traveler.326),326,172.5,3.157815621302168,1,,,4.533475296109726,0.08405759210790342,,,,,,1,,,,,,,,,"[5.590747247813456, -0.6545341872678082, -1.2855997830519141, -1.444296470136121]"
traveler (traveler.327),327,172.5,2.5608259888807066,1,,,3.8624311290459645,4.668319894280682,,,,,,1,,,,,,,,,"[-0.15592284384609523, 1.7298776797977353, -0.878566581118578, 1.1475169804683347]"
traveler (traveler.328),328,172.5,1.9690084123616256,3,,,4.467222021851339,2.583854902623393,,,,,,3,,,,,,,,,"[2.160418415843309, -1.6889108476787205, 0.6438322711702795, 1.3648704442145967]"
traveler (traveler.329),329,172.5,1.7457523766148613,1,,,4.200323304422818,2.1043334473409376,,,,,,1,,,,,,,,,"[6.813363893068474, -0.040070338406705965, 0.5998984285423191, -0.0007902009877430927]"
traveler (traveler.330),330,172.5,2.1235689944758245,1,,,1.608651074954146,4.427444517520197,,,,,,1,,,,,,,,,"[-2.2576612056855674, -0.03660002890572035, -1.1352614834728323, -0.44855052365026915]"
traveler (traveler.331),331,172.5,2.5985489187457986,2,,,3.2365955694875175,4.991963773839082,,,,,,2,,,,,,,,,"[1.049494713066046, 0.831852902419432, 2.8415261936761573, 0.07869091303071428]"
traveler (traveler.332),332,172.5,0.8965026185543211,2,,,3.3209049054520907,2.8603221909339593,,,,,,2,,,,,,,,,"[1.5348258409039912, -0.3937088238522774, 1.4701325472163125, 1.0056716849891543]"
traveler (traveler.333),333,172.5,0.9027391182408573,3,,,3.319742344213791,2.878101050917819,,,,,,3,,,,,,,,,"[-1.5224731361399577, 1.0012326050806084, 0.736768484087569, 4.12847674063284]"
traveler (traveler.334),334,172.5,0.4816666442149135,4,,,2.979273534395085,2.5479545136321837,,,,,,4,,,,,,,,,"[0.2894037588418012, 1.6196530558464173, 0.42825550508912313, 0.14500118076192178]"
traveler (traveler.335),335,172.5,0.6417740543715614,4,,,2.2503587449547306,1.9087697735704519,,,,,,4,,,,,,,,,"[-0.10229655429254722, -0.8923927588393527, -0.6309256916064698, -0.8067379148602439]"
traveler (traveler.336),336,172.5,0.5304356623083865,4,,,2.393818553398532,1.9803005750954152,,,,,,4,,,,,,,,,"[1.4424431295734805, 3.1357890966568327, -0.19016216600326852, 0.7990443654509651]"
traveler (traveler.337),337,172.5,0.9846082466778312,2,,,2.8846708691097485,3.406356288599767,,,,,,2,,,,,,,,,"[-1.8013359785536267, 1.2213914365156844, 3.2570890014894305, 1.950600640647053]"
traveler (traveler.338),338,172.5,0.4667693303375627,4,,,2.0649757293802944,2.3308033933095293,,,,,,4,,,,,,,,,"[1.7599515775113423, -0.6424311933331041, 0.03159758127759294, 1.6134699441129219]"
traveler (traveler.339),339,172.5,0.8947609337645396,1,,,2.0043109881004932,1.7550909236200156,,,,,,1,,,,,,,,,"[2.5392418994811963, 5.36782706191693, 2.15843413209922, 2.088469074555454]"
traveler (traveler.340),340,172.5,0.9042878872525473,1,,,1.9997097957339516,1.746709687738445,,,,,,1,,,,,,,,,"[-2.0821904139662033, 0.27626959613879715, -0.8042917551214618, -0.09690659691204397]"
traveler (traveler.341),341,172.5,0.5614850901057648,4,,,3.0470254922568296,2.6266041754139726,,,,,,4,,,,,,,,,"[-2.310161938625952, -1.5006544347788868, -0.908279560400324, -0.434328012154331]"
traveler (traveler.342),342,172.5,0.9057743773670051,1,,,2.468148494221885,3.4052141759132213,,,,,,1,,,,,,,,,"[0.26187113043108784, 3.1147274264370477, 0.05239532787321978, -0.029269979112353826]"
traveler (traveler.343),343,172.5,0.7157032315525276,2,,,1.8030680332076734,2.662840257054913,,,,,,2,,,,,,,,,"[-1.814074884512161, -0.887007494967279, 1.2726076925291783, 0.7726898819409972]"
traveler (traveler.344),344,172.5,0.3935478578752987,4,,,2.7162330052112242,2.8288209298319664,,,,,,4,,,,,,,,,"[2.895525671183518, 0.5685675923858252, 1.0502141858915588, 1.006272464100322]"
traveler (traveler.345),345,172.5,0.8637703099390148,2,,,2.7783528357620906,1.68230883143124,,,,,,2,,,,,,,,,"[0.6457986363173803, 0.03855013942507024, 2.2267129228253926, 2.256726999701303]"
traveler (traveler.346),346,172.5,0.6979695514048503,4,,,1.8077926128925028,2.58950099397269,,,,,,4,,,,,,,,,"[3.228405081428796, 2.340000692584285, 0.05324219140263685, -0.4979047781647068]"
traveler (traveler.347),347,172.5,0.859719926454668,3,,,1.641042686925778,2.46379659878502,,,,,,3,,,,,,,,,"[2.699832015505487, 0.04099906959746283, 0.11929532766706778, 3.5868078747167154]"
traveler (traveler.348),348,172.5,0.7190393381763057,1,,,2.450947202869072,3.217364198255427,,,,,,1,,,,,,,,,"[2.0605313359550697, 1.6724120828794247, 0.767673613000154, 0.4875119810384823]"
traveler (traveler.349),349,172.5,0.6200783583157149,4,,,2.8448491328055208,3.015340902757381,,,,,,4,,,,,,,,,"[5.5067650139316155, -0.6824052963179662, 1.3445649507877027, -0.4502592565900067]"
traveler (traveler.350),350,180.0,2.157586547798166,1,,,0.3534507220917893,2.282041497639231,,,,,,1,,,,,,,,,"[0.5200364203658377, 0.49667622031957637, -0.1488878678976779, 0.3002527082246824]"
traveler (traveler.351),351,180.0,2.4528216305919965,3,,,0.1871589302058274,1.6832380166943817,,,,,,3,,,,,,,,,"[-1.8443467154175301, 0.5593078592036701, -0.8345019793209891, 4.457747432027228]"
traveler (traveler.352),352,180.0,1.888666906158474,1,,,4.219602026146332,1.7189548322333397,,,,,,1,,,,,,,,,"[-0.8191067432553047, 2.0596395052674685, -0.06310323527934181, 2.15150097305426]"
traveler (traveler.353),353,180.0,0.971271854528146,1,,,3.0508555970098676,3.299954452854315,,,,,,1,,,,,,,,,"[-1.2012330714847843, 1.2647414926604021, 1.0487601741873847, 0.38124554646024567]"
traveler (traveler.354),354,180.0,0.3874860117749241,4,,,2.441674430890911,2.116928809084607,,,,,,4,,,,,,,,,"[-0.7137521876423784, 1.3697609571573706, -0.40088284591488815, 1.1596279461703547]"
traveler (traveler.355),355,180.0,0.27294139566603876,4,,,2.640854439260816,2.733788435147349,,,,,,4,,,,,,,,,"[2.6239541000912543, -0.020278735861325402, -0.2820227768902428, 0.05922518364074328]"
traveler (traveler.356),356,180.0,0.5591934811812782,4,,,2.5674867463542252,3.0551061956618364,,,,,,4,,,,,,,,,"[3.9440503918693914, 0.6039733440370664, 1.0910946973162106, -0.19160856058710232]"
traveler (traveler.357),357,180.0,0.7225543432133285,3,,,2.7806773850779387,1.8341884768177596,,,,,,3,,,,,,,,,"[1.2071318311910166, -1.0410337772912444, -0.15415615330556184, 0.7072136783798763]"
traveler (traveler.358),358,180.0,0.8914709416503579,2,,,1.6095865978064563,2.543409826089201,,,,,,2,,,,,,,,,"[-0.754847840253131, -1.518650739248496, 3.312511186055394, 2.097270875136414]"
traveler (traveler.359),359,180.0,0.7650633953244155,1,,,1.7352094598577694,2.5204310688481524,,,,,,1,,,,,,,,,"[-0.001881576704736389, 1.167827652143328, 1.3356829623686248, 1.5202761700143623]"
traveler (traveler.360),360,180.0,0.5673156156654124,4,,,2.0123806953679475,2.789955895832417,,,,,,4,,,,,,,,,"[0.13708786826319963, 1.2242383034400772, 0.06759982489820611, -0.5320871932487824]"
traveler (traveler.361),361,180.0,0.3725782903464259,4,,,2.816213142029124,2.302962360840537,,,,,,4,,,,,,,,,"[1.1078594205342758, 0.9427652659103664, 0.20385391365791408, 2.0770784736703893]"
traveler (traveler.362),362,180.0,0.952392223115449,1,,,3.2627698327471206,3.070292143468343,,,,,,1,,,,,,,,,"[0.3634563882377258, 1.448017014947863, 0.009867910292474257, -0.5910303427215509]"
traveler (traveler.363),363,180.0,0.4185183528330442,4,,,2.8870605373488676,2.659190929657724,,,,,,4,,,,,,,,,"[4.477707049643315, -0.6178362885579459, 1.6824353214208618, -0.6693841877561758]"
traveler (traveler.364),364,180.0,0.9939396120086255,1,,,2.8834380562411415,3.417001204658899,,,,,,1,,,,,,,,,"[1.3635403614822157, 1.4412818773827212, 0.021076041496423625, 0.31197387345695443]"
traveler (traveler.365),365,180.0,0.525736614097123,4,,,2.7715041408231524,2.0497950589807026,,,,,,4,,,,,,,,,"[-0.8013309915962573, -0.6899345644958776, 1.1458862628163045, -0.6367010573507295]"
traveler (traveler.366),366,180.0,0.9292078313260977,2,,,1.6002110749202165,2.731963540457369,,,,,,2,,,,,,,,,"[3.403815013794551, -0.8800505570141232, -0.36316358982411706, -1.0277184057627406]"
traveler (traveler.367),367,180.0,0.9602945345426074,3,,,3.4316529277971712,2.267215947282977,,,,,,3,,,,,,,,,"[0.3421953758269016, -0.13082849457025972, 0.04803438878381202, 0.5517474909957264]"
traveler (traveler.368),368,180.0,0.6727908924333967,4,,,1.8272110880464472,2.5016324502078104,,,,,,4,,,,,,,,,"[0.46519903720431144, -0.6891356248721751, 1.2980514699172685, -0.5971501875052674]"
traveler (traveler.369),369,180.0,0.5725249020979774,4,,,2.4267804467955907,3.0678236174648297,,,,,,4,,,,,,,,,"[5.040254740718808, 1.9772118863492076, 0.8119315016410276, 0.39321353895979694]"
traveler (traveler.370),370,180.0,0.3516141007759977,4,,,2.27288422147819,2.7684229852507896,,,,,,4,,,,,,,,,"[-0.5727265021459615, -0.3633228554341977, 0.791958510695031, -0.02926712215160302]"
traveler (traveler.371),371,187.5,1.6730013058726274,3,,,4.103380436949645,2.977602914416026,,,,,,3,,,,,,,,,"[-1.1135338587835613, 0.28390516261586257, 0.3773051009777315, 1.6071926926049442]"
traveler (traveler.372),372,187.5,1.881487124266901,1,,,2.787090252899817,0.6405449762169424,,,,,,1,,,,,,,,,"[1.3563120233076507, 3.321435565443876, 0.40383785306616965, -0.4704386042328679]"
traveler (traveler.373),373,187.5,1.1627667336242942,1,,,1.3651725391820286,2.7533635944581345,,,,,,1,,,,,,,,,"[-0.5688138233221482, 1.8566362205438423, 0.24506109257122372, 1.6227478041038086]"
traveler (traveler.374),374,187.5,1.0970032684478501,3,,,2.0983382988548662,1.4791748196588883,,,,,,3,,,,,,,,,"[8.169589501847698, 0.988116560501612, 1.5117250557405113, 2.4457226087482633]"
traveler (traveler.375),375,187.5,2.1252169426473113,1,,,2.762363121597989,4.608960086331779,,,,,,1,,,,,,,,,"[-0.0828986637397759, 0.8147032826505033, 0.35864364830587314, 0.3475025129342081]"
traveler (traveler.376),376,187.5,0.32367678360724506,4,,,2.8210252860216225,2.5413452050553245,,,,,,4,,,,,,,,,"[-0.550661743824765, 0.04441881875979707, 0.6429726489961288, -0.6252631235008047]"
traveler (traveler.377),377,187.5,0.9319094311860507,1,,,2.0683697548926734,3.3259240397531107,,,,,,1,,,,,,,,,"[1.8109565669804644, 0.8661847869275212, 0.9999919137345041, 0.32488314008629937]"
traveler (traveler.378),378,187.5,0.7337151621311191,3,,,1.8419295461253322,2.175529328169273,,,,,,3,,,,,,,,,"[-0.5825255812743383, 2.1292357922067584, 0.23834674690302843, 2.9719199612425]"
traveler (traveler.379),379,187.5,0.7403435396894069,3,,,3.079555431949702,2.039322175422525,,,,,,3,,,,,,,,,"[-1.1461051963600173, 0.3568841531640087, 0.8762312149652883, 1.9236982569347667]"
traveler (traveler.380),380,187.5,0.7752185525555899,3,,,2.0383979474393596,1.8771939713697467,,,,,,3,,,,,,,,,"[-2.059382266717974, -0.925271967430526, -0.3149439185262529, 0.7139617181505152]"
traveler (traveler.381),381,187.5,0.7107335245621785,2,,,2.912303030511729,1.9210800107377348,,,,,,2,,,,,,,,,"[1.4830509348893355, -1.1275286494296328, 1.2252944413510987, 1.2774960980533314]"
traveler (traveler.382),382,187.5,0.788565432095262,2,,,1.7480389214879317,2.262534261211108,,,,,,2,,,,,,,,,"[1.6874549998097446, -0.7273848923325693, -0.11015968922925974, -1.1707893053373997]"
traveler (traveler.383),383,187.5,0.9331114882439835,3,,,3.040523637567861,1.7393875844273186,,,,,,3,,,,,,,,,"[1.0120423651911123, 0.4501112434632431, -0.35237308134444034, 4.090073999011354]"
traveler (traveler.384),384,187.5,0.47987887643356947,4,,,2.8709775441953957,2.195599937992946,,,,,,4,,,,,,,,,"[1.33896714881225, 0.6517557453297342, -0.6373628821120721, -0.6726486842114247]"
traveler (traveler.385),385,187.5,0.887538122031312,3,,,1.8576553459079372,1.8875318266079322,,,,,,3,,,,,,,,,"[3.222110767827102, 2.242876364872174, -0.49130246069236205, 4.180524378418306]"
traveler (traveler.386),386,187.5,0.28141545660445233,4,,,2.476994296563247,2.2195264774969434,,,,,,4,,,,,,,,,"[2.880396179569069, 2.14086439656958, 0.6181498311015883, -0.8808089848957436]"
traveler (traveler.387),387,187.5,0.4892376549285213,4,,,2.032714593817552,2.644906287540822,,,,,,4,,,,,,,,,"[0.9339998431627154, 0.3747054650739919, -0.007853150734718659, -0.2783615233121309]"
traveler (traveler.388),388,187.5,0.8645929498527521,2,,,2.68307989070564,3.344986817976644,,,,,,2,,,,,,,,,"[-0.39195884613501336, 1.2876199201937135, 4.991919616417665, -0.3314775830072472]"
traveler (traveler.389),389,187.5,0.433125211986561,4,,,2.122678158949287,2.7126632961385297,,,,,,4,,,,,,,,,"[0.4873642756316637, 1.3456455951662687, 1.3912728167839845, -0.1280479888120461]"
traveler (traveler.390),390,187.5,0.9914857344418976,1,,,1.7841278938096434,1.8140181568143574,,,,,,1,,,,,,,,,"[-0.989763107675741, 0.7314986176995049, 0.17424481187082377, -0.6071034945994195]"
traveler (traveler.391),391,187.5,0.514091670015082,4,,,2.3384037062902903,2.0119663095254783,,,,,,4,,,,,,,,,"[-0.4309882761530858, -0.26180378029123, 0.13127461600335272, 1.4518982035519559]"
traveler (traveler.392),392,187.5,0.8024237731643468,2,,,2.801363233405505,3.243682804218765,,,,,,2,,,,,,,,,"[0.3297911520092078, -1.729910267240494, 0.7955546479170122, -1.0387343732385041]"
traveler (traveler.393),393,187.5,0.3962102244802351,4,,,2.1596367659672824,2.297181334928297,,,,,,4,,,,,,,,,"[6.0321277139472915, 0.8829124738701912, 0.34060804353691404, 3.0725361967664675]"
traveler (traveler.394),394,195.0,2.1935520591735584,1,,,4.490862035475253,3.420944619403301,,,,,,1,,,,,,,,,"[-0.6866090085228608, 0.705839467094707, -0.20957082712285333, -0.9242864842492715]"
traveler (traveler.395),395,195.0,2.151306484377726,2,,,2.180802171455521,4.627494379775923,,,,,,2,,,,,,,,,"[0.3581445212367842, 0.2576484365873781, 1.5192029770989048, -0.7139147574541577]"
traveler (traveler.396),396,195.0,1.446760730851236,2,,,3.5565290140842993,3.4883638271058186,,,,,,2,,,,,,,,,"[-0.33674357557955237, 1.8525989467298256, 4.856588273914738, 0.7112231079001615]"
traveler (traveler.397),397,195.0,2.5528313298679226,1,,,1.612300111683445,4.893519731909056,,,,,,1,,,,,,,,,"[-0.7471129761342177, 1.2642771892231133, -1.3569323737129004, -0.28246730119565605]"
traveler (traveler.398),398,195.0,1.8198327635190785,2,,,3.1834109057752054,0.8133640520121127,,,,,,2,,,,,,,,,"[-1.1580284090115347, -0.6166637108547325, 4.762118291063562, 0.8768872573718658]"
traveler (traveler.399),399,195.0,2.2499340262368817,2,,,0.34452396315923617,1.8549215729667135,,,,,,2,,,,,,,,,"[-0.10596082255418332, -0.637919096942582, 1.1198212054695569, 0.7370208964981075]"
traveler (traveler.400),400,195.0,1.3868502009883363,1,,,2.6973886943436867,1.1272687140861533,,,,,,1,,,,,,,,,"[1.904643339972376, 2.6899478537870793, 0.772743630829763, 1.3943423387426108]"
traveler (traveler.401),401,195.0,2.113588237542185,2,,,3.39505380078607,0.5852848954543943,,,,,,2,,,,,,,,,"[-1.8549240218643368, -0.7566278763626132, 1.8439352094101418, -0.6946112514770887]"
traveler (traveler.402),402,195.0,1.1259473467422578,1,,,1.3748824041378183,2.543218319231943,,,,,,1,,,,,,,,,"[1.656324035546561, 2.5423726547345185, -0.08421036520271617, 1.036320257956495]"
traveler (traveler.403),403,195.0,1.9888981358898266,2,,,2.1149070237693874,4.451260924275346,,,,,,2,,,,,,,,,"[1.592096153270031, -0.620894625200202, 2.38059907963813, 0.9524916486257679]"
traveler (traveler.404),404,195.0,1.8193294819856596,1,,,4.317549899272285,2.580449534973898,,,,,,1,,,,,,,,,"[4.6429084864793895, 1.949596375441367, 0.5169572809014882, 0.9493863579827589]"
traveler (traveler.405),405,195.0,0.9218998036307384,1,,,3.037856761412812,1.7512614928181434,,,,,,1,,,,,,,,,"[3.082930917540817, 1.959862758058894, -0.04299863706612893, 0.8650218386095967]"
traveler (traveler.406),406,195.0,0.8181589311473748,2,,,3.1875069927673816,2.0564707771610014,,,,,,2,,,,,,,,,"[0.7835865891695131, -0.2957913635818404, 2.1643770845549217, 1.3371781279355306]"
traveler (traveler.407),407,195.0,0.8461036472690466,2,,,3.1770610810360647,1.9925754494821337,,,,,,2,,,,,,,,,"[0.5929630013287778, -0.040435214582263165, 2.638583939983718, 0.22417392096547148]"
traveler (traveler.408),408,195.0,0.5586164186101519,4,,,2.2208678708222447,2.9838776266800577,,,,,,4,,,,,,,,,"[3.0100275269896795, 0.9284976470498416, -0.06930151445947923, 0.07642556847907703]"
traveler (traveler.409),409,195.0,0.8400784672574965,1,,,2.8426499051122645,1.7329779183907017,,,,,,1,,,,,,,,,"[0.2802836142419267, 1.626138846130784, -0.08608667787779851, 0.4513282464547031]"
traveler (traveler.410),410,195.0,0.8369860907983263,3,,,3.1248287590204677,3.056897421515674,,,,,,3,,,,,,,,,"[-0.029072890881727036, 0.3502637071532481, 1.2094119278440207, 2.4179501234255105]"
traveler (traveler.411),411,195.0,0.5670515771310848,4,,,2.889471620664118,2.9121399614501318,,,,,,4,,,,,,,,,"[0.4797219614535992, 2.854677636717506, 1.768616421206163, 0.5808696330725238]"
traveler (traveler.412),412,195.0,0.7171941022617249,3,,,2.320815818395337,3.194449716957008,,,,,,3,,,,,,,,,"[-0.10866183902562794, -0.6524043778533384, -0.14948431050938116, 1.6156555707819993]"
traveler (traveler.413),413,195.0,0.4951051436387106,4,,,2.5572561803479417,2.9917833192265393,,,,,,4,,,,,,,,,"[5.025477196678684, 0.31660496460481014, 0.4292965700436605, 4.942273637618132]"
traveler (traveler.414),414,195.0,0.7340857126219493,2,,,2.692419541020066,3.2084183465363543,,,,,,2,,,,,,,,,"[0.8511755817000669, -0.8169080908810241, 0.5465820402731473, 0.19661401545022972]"
traveler (traveler.415),415,195.0,0.33120349989714315,4,,,2.1722266412121494,2.547543491805376,,,,,,4,,,,,,,,,"[0.6393051221305484, 1.0933323833243818, -0.5899271955395046, 1.1201391938329817]"
traveler (traveler.416),416,195.0,0.837814510716489,2,,,1.935580608116528,1.8808361247351377,,,,,,2,,,,,,,,,"[-2.0722565115484475, 0.7796339226684971, 1.7032666937958474, 0.601358857428656]"
traveler (traveler.417),417,195.0,0.4195998342364414,4,,,2.7769427188555422,2.815224921863975,,,,,,4,,,,,,,,,"[3.5781376604214166, -1.188811704109436, -0.7268050068585957, 1.4478302224607211]"
traveler (traveler.418),418,202.5,1.1199227959528517,1,,,2.5575693884076554,1.3815578537925077,,,,,,1,,,,,,,,,"[-0.5921399611241188, 1.6510953381935236, 0.3401473112196664, 1.7217204473726635]"
traveler (traveler.419),419,202.5,2.328401189026939,3,,,4.366733356133451,3.891674773127977,,,,,,3,,,,,,,,,"[-3.242705806286414, 0.9295869214432398, -0.9924860906394462, 2.7430290337863847]"
traveler (traveler.420),420,202.5,2.0308410485743,1,,,3.2315744568516585,0.6055042415839085,,,,,,1,,,,,,,,,"[1.7816847136338492, 0.6071626116788051, -0.23203436901863553, 0.25395450267691216]"
traveler (traveler.421),421,202.5,2.286427750548736,3,,,4.766746092280611,2.799355994778678,,,,,,3,,,,,,,,,"[4.270642180177222, -0.1855957527897181, 0.04818435467204189, 1.5563177600251812]"
traveler (traveler.422),422,202.5,1.7978735786560198,1,,,4.278359354820708,2.2358269318210526,,,,,,1,,,,,,,,,"[2.5460569043513313, 0.6398460511771523, 1.2191302458948943, 0.13812944219839046]"
traveler (traveler.423),423,202.5,1.3395707583062864,1,,,3.8395034629833584,2.486572819921174,,,,,,1,,,,,,,,,"[5.219223964691093, -0.2708061659192103, 0.0733093611344128, 0.32803717914355146]"
traveler (traveler.424),424,202.5,0.7994535818120385,1,,,2.9590734631665896,3.1545056034048384,,,,,,1,,,,,,,,,"[2.4661068272626396, 1.460411167133026, 0.3451195823589309, 0.6294228371402982]"
traveler (traveler.425),425,202.5,0.6330705811290309,4,,,2.8285932800779596,3.041114421336797,,,,,,4,,,,,,,,,"[2.7333027302764883, 0.22765931121402033, -0.7526777366309667, -0.2301595131971048]"
traveler (traveler.426),426,202.5,0.2564542514278413,4,,,2.4842590782600147,2.2440292859364765,,,,,,4,,,,,,,,,"[4.29640924548935, 1.7091203538054396, 3.0423074004872093, 2.3152490198837667]"
traveler (traveler.427),427,202.5,0.7434406930122704,1,,,1.8322830521507365,2.173108364161105,,,,,,1,,,,,,,,,"[8.62052474919125, 4.277867199325557, -1.2850499256319736, 1.450749006200234]"
traveler (traveler.428),428,202.5,0.6884903542422398,4,,,2.694915397333823,1.839676627880852,,,,,,4,,,,,,,,,"[-0.0885155522713481, -0.2148416674779115, -0.10058673640049529, -0.5789735251559363]"
traveler (traveler.429),429,202.5,0.978123340025293,3,,,2.569281247191214,3.4756666321494576,,,,,,3,,,,,,,,,"[5.701087408900077, 0.6790402068062635, 1.497554268164219, 3.078661488925957]"
traveler (traveler.430),430,202.5,0.943974817276088,1,,,3.427568871977191,2.675226834104784,,,,,,1,,,,,,,,,"[0.71945275088321, 0.7333986057465934, -0.48340406178463846, 1.0543307531638892]"
traveler (traveler.431),431,202.5,0.7190638226818289,1,,,3.0866750713456197,2.9157705397829634,,,,,,1,,,,,,,,,"[1.3898999042384375, 1.9745727784210032, 1.1631666187248684, 2.142896407703392]"
traveler (traveler.432),432,202.5,0.9500576459755741,1,,,2.2572863577942086,3.418531228954056,,,,,,1,,,,,,,,,"[3.597133131694671, 1.6347549824864847, -0.8230870402772358, 0.6190970829223672]"
traveler (traveler.433),433,202.5,0.5717469107955476,4,,,3.0485169801609544,2.3386815184817342,,,,,,4,,,,,,,,,"[2.862893189288244, 0.20275070951088253, 0.7602995718941101, -0.8457312675952985]"
traveler (traveler.434),434,202.5,0.8922682114910148,1,,,2.35298171015722,1.6199271713721195,,,,,,1,,,,,,,,,"[2.5292875694256636, 0.11821165077332783, -1.3690237662092344, -0.44424938406892867]"
traveler (traveler.435),435,202.5,0.5159832992839878,4,,,2.7623674176245037,2.9442995648310255,,,,,,4,,,,,,,,,"[0.6833457556440384, 1.5387285652787228, 0.6235977025088856, 4.200765358950437]"
traveler (traveler.436),436,202.5,0.8128233109264342,1,,,2.363981770561521,1.698638174077507,,,,,,1,,,,,,,,,"[-0.37485811788839457, 1.1081539264155313, 1.0464057512281764, -0.25379838550183864]"
traveler (traveler.437),437,202.5,0.7145058461156681,2,,,1.9280476621092222,2.0717604323340257,,,,,,2,,,,,,,,,"[1.4733966789386195, 0.2973024575857368, 1.5753056385874877, 0.5939257322336714]"
traveler (traveler.438),438,202.5,0.5895248344114558,4,,,2.8068540061512124,1.996631199519869,,,,,,4,,,,,,,,,"[4.25250836830159, -0.5411646127091778, 1.389256288109661, 1.8758185349068461]"
traveler (traveler.439),439,202.5,0.4178998832891696,4,,,2.1170423083202072,2.6672833489513716,,,,,,4,,,,,,,,,"[1.9061108960579092, -0.07777135017936952, 2.031359232510166, 3.175642632208981]"
traveler (traveler.440),440,202.5,0.9085079071291363,2,,,2.273035486890363,1.6202990695099448,,,,,,2,,,,,,,,,"[-1.4043998203504047, -0.20749433032289671, 0.4157973800672926, -0.4791552696037042]"
traveler (traveler.441),441,202.5,0.13803553253074766,4,,,2.4055270908151583,2.39935866817654,,,,,,4,,,,,,,,,"[-0.05954094816604779, 2.176287668655322, 2.07721400992156, 0.41018511316742023]"
traveler (traveler.442),442,202.5,0.8218180976271172,1,,,2.129486883870843,1.7664435833804493,,,,,,1,,,,,,,,,"[3.500599750956108, 1.2876753657189448, -0.36872283302384096, 0.09394937524226875]"
traveler (traveler.443),443,202.5,0.4552577708708886,4,,,2.2628771467493105,2.8886288594592306,,,,,,4,,,,,,,,,"[3.3012675683548287, 0.9383148114965677, 0.5811021967323285, 3.9489189786654366]"
traveler (traveler.444),444,202.5,0.8562951580595521,1,,,2.565530456392426,1.6462159775439495,,,,,,1,,,,,,,,,"[3.5872761557793704, 0.6311860222681943, 0.35435275467768296, 0.5322344245603882]"
traveler (traveler.445),445,210.0,3.1934408907634464,1,,,0.394349666892464,0.09910404276150364,,,,,,1,,,,,,,,,"[-1.6261302613634658, -1.0866121216342364, 0.2189051176882596, -0.021508431147810987]"
traveler (traveler.446),446,210.0,2.6831180944010393,3,,,4.253011597109547,0.4687262496399702,,,,,,3,,,,,,,,,"[3.495073947391097, 1.9943056017573346, -0.1092484763667168, 3.823392774939021]"
traveler (traveler.447),447,210.0,2.4994030354841854,1,,,2.8483063177726176,0.024985203521554755,,,,,,1,,,,,,,,,"[-0.6635114479789397, -0.07791710168580618, 0.36460853476705213, 0.09940381560650896]"
traveler (traveler.448),448,210.0,1.800449807426718,1,,,0.8933204492137603,1.6874728742077383,,,,,,1,,,,,,,,,"[5.536716232817956, -0.5078553376191952, 0.26124915479430244, -0.44801389855524887]"
traveler (traveler.449),449,210.0,2.4860120326538397,1,,,0.5296888988867815,0.9840415601575042,,,,,,1,,,,,,,,,"[2.049530173485448, 2.0849845347526124, 0.383221209882897, -0.1600311409307415]"
traveler (traveler.450),450,210.0,2.2727949285427376,1,,,0.3798970012526204,1.6810005727035238,,,,,,1,,,,,,,,,"[2.1528858772105766, -0.10693138977061578, 0.29158018374253836, 0.5853397433910019]"
traveler (traveler.451),451,210.0,0.7554891419826039,1,,,2.467466957184439,3.2547883443580536,,,,,,1,,,,,,,,,"[1.2071674761819569, 1.5791252424804012, 0.30611379794090643, 0.8786807649138989]"
traveler (traveler.452),452,210.0,0.6349593903179507,4,,,3.10432477835732,2.694846066463554,,,,,,4,,,,,,,,,"[-0.9311093203284725, -0.4147173510463196, 0.29273209380596565, 0.6571314775335492]"
traveler (traveler.453),453,210.0,0.5291059045438798,4,,,2.63549436060629,3.011462937530267,,,,,,4,,,,,,,,,"[3.128675526994525, 0.9251640640782473, -0.5612371676332406, -0.41409171842849984]"
traveler (traveler.454),454,210.0,0.538286999223472,4,,,2.75037256271021,2.976514924608802,,,,,,4,,,,,,,,,"[1.2284921697422495, 0.3512016620913294, 0.1597832964483083, -0.6177201380350766]"
traveler (traveler.455),455,210.0,0.7945874365524441,2,,,2.206826863127181,1.7614753178510987,,,,,,2,,,,,,,,,"[0.8585026597337488, -0.020590935897577378, 3.746666289289084, 2.220024598846574]"
traveler (traveler.456),456,210.0,0.7914924966222813,3,,,1.9263350480983534,1.9546845911134973,,,,,,3,,,,,,,,,"[0.1887616377770627, 0.6766232012102076, -0.027740955308996305, 1.5984301992184689]"
traveler (traveler.457),457,210.0,0.694839097243362,4,,,1.9171949950534717,2.8783380727170442,,,,,,4,,,,,,,,,"[0.1918807864280102, 2.253281241144745, 2.157733613262705, 0.12866986096152203]"
traveler (traveler.458),458,210.0,0.39436695894131096,4,,,2.5528271742662616,2.1091872725157743,,,,,,4,,,,,,,,,"[2.2137780127035125, 0.024220101013899504, -1.0630152507577248, -0.1842200383054315]"
traveler (traveler.459),459,217.5,1.6274674881534477,2,,,3.4957340300557114,3.7873088853827985,,,,,,2,,,,,,,,,"[-0.10470538433203332, -0.8621139921959993, 1.825784091663808, -0.4420768744310405]"
traveler (traveler.460),460,217.5,2.489235146993214,1,,,4.25708390704091,4.263220848516765,,,,,,1,,,,,,,,,"[-0.6258074159531661, 0.2761315781923455, -0.20432946119059175, 0.7644936914281257]"
traveler (traveler.461),461,217.5,2.2886900746800927,2,,,4.245718601187754,1.0199429661643982,,,,,,2,,,,,,,,,"[-0.7415913418332438, -0.5671411568182634, 2.6751432661119243, 1.7859738172452246]"
traveler (traveler.462),462,217.5,2.370943592934971,1,,,0.1479787599607646,2.798947499209624,,,,,,1,,,,,,,,,"[-1.4558171252029248, 0.5851077358918053, -0.45877129664119093, 1.8191150544776862]"
traveler (traveler.463),463,217.5,0.39268332513351245,4,,,2.1202906126587298,2.6001048200779016,,,,,,4,,,,,,,,,"[0.27531956495768145, -1.010320029859793, -0.5004139980057024, 1.3508036731547295]"
traveler (traveler.464),464,217.5,0.9547688891865342,3,,,1.7605905315112276,3.1040341626660197,,,,,,3,,,,,,,,,"[1.1799096144056314, -0.5611038460172425, -0.7051232508620613, 0.11935798238090595]"
traveler (traveler.465),465,217.5,0.556073839131846,4,,,2.655541989334875,1.9661228567164728,,,,,,4,,,,,,,,,"[1.4983957777495156, 1.5369921961578417, 1.9184598847120513, 1.9206275761751002]"
traveler (traveler.466),466,217.5,0.2729072632217631,4,,,2.6361869869317243,2.736498369782227,,,,,,4,,,,,,,,,"[-1.320747513286077, 2.467206488142771, 0.09481092935690413, 2.4339285722400947]"
traveler (traveler.467),467,217.5,0.527147984473171,4,,,1.9730777277199512,2.484575457564109,,,,,,4,,,,,,,,,"[2.203382913463883, -0.34345354154850044, -0.20807883124808163, 1.4044085167851206]"
traveler (traveler.468),468,217.5,0.8428359287860173,3,,,2.526377755612552,3.3424230628736566,,,,,,3,,,,,,,,,"[1.8788591198073017, 0.09030940253459613, -0.5052275755130625, 0.7922061760032861]"
traveler (traveler.469),469,225.0,2.555028267572447,1,,,4.037752486924532,0.4595376168496329,,,,,,1,,,,,,,,,"[-0.3358280935833709, 0.5307441820315818, 1.6277700663464019, -0.2499416948090575]"
traveler (traveler.470),470,225.0,0.818786827971693,1,,,1.6978828188028199,2.3356226983788906,,,,,,1,,,,,,,,,"[-1.1665401185100543, 0.009338247742811062, 0.07238857665877306, 0.03098118138587038]"
traveler (traveler.471),471,225.0,0.5301207557152968,4,,,2.1253186516507103,2.1249774635581007,,,,,,4,,,,,,,,,"[2.0081097978657074, 1.6356059746562024, -0.22253817815330926, 1.974646211615173]"
traveler (traveler.472),472,225.0,0.8741406146749587,1,,,1.6440733685545172,2.3224854490282465,,,,,,1,,,,,,,,,"[6.3261696458146695, 1.3194837354679447, -0.41118086219012273, 0.8688666835058726]"
traveler (traveler.473),473,225.0,0.15356749023521535,4,,,2.3506218381014117,2.5356249744553185,,,,,,4,,,,,,,,,"[1.1687992853364422, -0.1551135060023389, 1.901056564938764, 2.308130625565455]"
traveler (traveler.474),474,225.0,0.7184154930440111,2,,,2.05676986448227,3.0653917824080965,,,,,,2,,,,,,,,,"[6.185644439396572, 0.2206448145711203, 1.9977152477006157, -0.037650066084363366]"
traveler (traveler.475),475,225.0,0.6962975365680075,4,,,2.530377182071992,3.1956345924693803,,,,,,4,,,,,,,,,"[1.5035630297137805, 1.119173014632338, -0.3470349233394535, -0.5533744517634208]"
traveler (traveler.476),476,232.5,0.9314686361631588,3,,,3.0139576268504897,3.276840638714188,,,,,,3,,,,,,,,,"[0.8694683687223862, -1.1845822547703644, 2.0971594166496037, 3.0168072622320885]"
traveler (traveler.477),477,232.5,0.5777264521302911,4,,,2.230361296089223,1.9890569279808465,,,,,,4,,,,,,,,,"[-2.206834320241768, -0.5912111756678285, -0.9141300478767752, -0.18846112928151704]"
traveler (traveler.478),478,232.5,0.886305749310765,3,,,2.726618468039117,1.6431558185965665,,,,,,3,,,,,,,,,"[3.643175500886786, 0.4345127149942183, 0.4169506378014853, 0.901334430742717]"
traveler (traveler.479),479,232.5,0.5520341146124871,4,,,3.01966142911656,2.6862623493477056,,,,,,4,,,,,,,,,"[1.1566094349522265, 0.15866717651371978, 0.14514159462460244, 1.87859238672845]"
traveler (traveler.480),480,232.5,0.8741397620757168,1,,,1.6679122116200584,2.767862345376815,,,,,,1,,,,,,,,,"[-0.02064578595170408, -0.2202360984216249, 0.09253711384999228, -1.1511842269250259]"
traveler (traveler.481),481,240.0,1.972740435568551,1,,,3.6892486304579455,0.9260265183043592,,,,,,1,,,,,,,,,"[4.2291230877475625, 1.3979816958836007, 0.9348238402059112, -0.10350272880005322]"
traveler (traveler.482),482,240.0,2.131191558734207,1,,,1.9967241169204086,4.570915460739621,,,,,,1,,,,,,,,,"[2.8306139746964667, 2.415892500346563, -1.618679748624585, 0.6984154574597413]"
traveler (traveler.483),483,240.0,2.8071890571232174,3,,,4.844054124594724,4.044577826916728,,,,,,3,,,,,,,,,"[-1.7430847707357702, -0.6425628067814886, 0.2674827391856849, 1.8412467635060992]"
traveler (traveler.484),484,240.0,2.740073185532343,1,,,0.3386283003103324,4.184183314800963,,,,,,1,,,,,,,,,"[1.9634856617120422, -0.21079752350687772, -1.0659416080772914, 0.8652153579868201]"
traveler (traveler.485),485,240.0,0.38337766063408607,4,,,2.280921793148638,2.814615908618837,,,,,,4,,,,,,,,,"[-2.0544258981586627, 0.4434854159098126, 0.7399774006901229, 1.1270844541028813]"
traveler (traveler.486),486,240.0,0.9629745801627877,1,,,1.787899318588891,1.8517464527104142,,,,,,1,,,,,,,,,"[2.438770089746418, 0.1763132556255468, -0.4810815311191063, -0.5545041257464519]"
traveler (traveler.487),487,240.0,0.09828789882462517,4,,,2.4251243237043827,2.4363278384642575,,,,,,4,,,,,,,,,"[0.4290908705860522, 0.2039713258356744, -1.2860020260172917, 0.09014026491060233]"
traveler (traveler.488),488,240.0,0.9756116893469509,3,,,2.770973864672868,1.562774662605272,,,,,,3,,,,,,,,,"[4.395595180772804, -0.4035276044292064, 0.3136690436667924, 2.331062033744594]"
traveler (traveler.489),489,240.0,0.2954560511844137,4,,,2.4274699590231985,2.213584792063357,,,,,,4,,,,,,,,,"[0.40418079468773216, -1.0351216250406954, 0.8916469204448995, -0.6683259598667494]"
traveler (traveler.490),490,240.0,0.7939621207017562,1,,,1.9858239980835815,3.1049784195841017,,,,,,1,,,,,,,,,"[2.989645239882529, 3.1167795227657136, 0.31137488858471885, 0.2770392488418386]"
traveler (traveler.491),491,247.5,1.443459115929295,1,,,1.1680210306026573,3.056242972488259,,,,,,1,,,,,,,,,"[6.186092557316184, 1.6455871756351508, 1.1170111513993255, -0.6091183051639547]"
traveler (traveler.492),492,247.5,2.349371797058844,3,,,2.1863940668158826,0.17165312732676796,,,,,,3,,,,,,,,,"[0.7181379705715266, -0.6837953058586084, 0.7814570223843723, 1.1459977475868135]"
traveler (traveler.493),493,247.5,2.9898054210196,1,,,4.826380596685907,0.62199846248159,,,,,,1,,,,,,,,,"[0.749493886795978, 1.450567935337708, 1.2856054057714392, -0.18236168695994004]"
traveler (traveler.494),494,247.5,0.28453527706706316,4,,,2.2806090112129755,2.31881523812781,,,,,,4,,,,,,,,,"[-2.533940923624859, -2.0584611600221194, -0.9530531603373494, 0.8355879048413946]"
traveler (traveler.495),495,247.5,0.47317006861794064,4,,,2.869632400180886,2.204598912370953,,,,,,4,,,,,,,,,"[2.096330426839216, -0.6739913605431137, 2.1333407388682484, 2.438144797715592]"
traveler (traveler.496),496,247.5,0.9470566996835026,2,,,1.8007374555348266,1.8612917048264526,,,,,,2,,,,,,,,,"[1.7848952210843827, -0.21923503350662496, 2.011610594816963, 0.36004823135967123]"
traveler (traveler.497),497,247.5,0.8818439390094315,1,,,1.7225193979515219,2.083859823850177,,,,,,1,,,,,,,,,"[2.4205528997924217, -0.05364393530146196, 0.00791350425967012, -0.7193201961502302]"
traveler (traveler.498),498,247.5,0.6726689943833272,4,,,1.8278646741601394,2.526789545774818,,,,,,4,,,,,,,,,"[2.2884111662763407, 0.2884342632165677, -0.5641988502360047, 2.312072178605518]"
traveler (traveler.499),499,247.5,0.4666865948867967,4,,,2.6252576109519943,2.9495630197710128,,,,,,4,,,,,,,,,"[1.784840441592014, 1.9978858943739426, 2.3879714453065977, -0.5197324271209562]"
traveler (traveler.500),500,247.5,0.7049013091163377,2,,,2.428789306274647,3.2012951537641485,,,,,,2,,,,,,,,,"[2.78332307519918, -0.8705013736223882, 2.9806444902652878, 1.5533234645834229]"
traveler (traveler.501),501,247.5,0.9693148307527393,1,,,3.407097590834013,2.1583200301154,,,,,,1,,,,,,,,,"[3.7598800023976087, 4.822531625830969, 0.38777660529181246, 1.1747291386290726]"
traveler (traveler.502),502,247.5,0.639677630309773,4,,,2.8240304419849833,1.948464195735451,,,,,,4,,,,,,,,,"[0.8009196643300762, 0.7370828522293736, 0.9645641646728731, 0.5500733804869421]"
traveler (traveler.503),503,247.5,0.47619011606510997,4,,,2.922168764588525,2.7202965293505583,,,,,,4,,,,,,,,,"[1.07720713667715, 0.2789329848502686, 1.8228501930623553, -0.5202167467102254]"
traveler (traveler.504),504,247.5,0.8098051755963867,3,,,3.1698681095349004,2.9550397106306585,,,,,,3,,,,,,,,,"[1.5947105898478897, -0.5523269063537759, -0.4374024455561749, 0.8583928952244796]"
traveler (traveler.505),505,247.5,0.5429042983356099,4,,,2.2060659342498186,2.04354864208456,,,,,,4,,,,,,,,,"[-0.2180900679772036, 1.2228653896239798, -1.0451616769020309, 1.0957608762406237]"
traveler (traveler.506),506,247.5,0.8919120091035634,2,,,3.339287278205318,2.8018342204354307,,,,,,2,,,,,,,,,"[7.817935676706059, -0.37182501428507503, 1.2992985669338808, -0.2807775621442156]"
traveler (traveler.507),507,255.0,2.1573454165043935,3,,,4.455640358285749,3.410829311757423,,,,,,3,,,,,,,,,"[2.198611909041299, -0.8351929618376379, -0.9411627105311279, 0.6738405224255867]"
traveler (traveler.508),508,255.0,1.3201170162148188,1,,,2.779813966298467,3.7901213434263603,,,,,,1,,,,,,,,,"[0.8946772879017847, -0.8861838730863525, -0.6049899661914734, -0.588749858319891]"
traveler (traveler.509),509,255.0,1.6198306267184865,1,,,3.781286450033916,3.49103798727127,,,,,,1,,,,,,,,,"[-0.6280283991594265, 0.5466466562075137, -0.6894856550843271, -0.4942873131335365]"
traveler (traveler.510),510,255.0,2.504071838949971,1,,,0.08293097798952875,1.845665897679456,,,,,,1,,,,,,,,,"[0.5167109965789597, 2.6365058560762114, 0.7284393338095395, -0.8064722970528215]"
traveler (traveler.511),511,255.0,0.13413842294243772,4,,,2.4305234090660908,2.6147437136477922,,,,,,4,,,,,,,,,"[-1.2873101004148606, 1.8144616450246012, 2.279992674063083, 0.14863445935950864]"
traveler (traveler.512),512,255.0,0.4709444889503748,4,,,2.9197411247324734,2.2864441527818826,,,,,,4,,,,,,,,,"[2.154788354938803, 0.9817565303975692, 0.124018027798143, 3.8746961054753646]"
traveler (traveler.513),513,255.0,0.5790766378316706,4,,,1.92453151065615,2.564542778486358,,,,,,4,,,,,,,,,"[1.4561880105410627, 0.8977706734852435, -0.7651966006164508, 1.000704217742207]"
traveler (traveler.514),514,255.0,0.09707756314278866,4,,,2.5896657193609127,2.4627963437652673,,,,,,4,,,,,,,,,"[2.161397050676843, 0.9151612901552387, 0.522561543162669, 1.5918896176042598]"
traveler (traveler.515),515,255.0,0.7910454975799444,2,,,2.3078039513436237,3.267341943414002,,,,,,2,,,,,,,,,"[0.9553205815006649, 0.22790638503110577, 2.49219458842149, 0.2826559066130851]"
traveler (traveler.516),516,255.0,0.9759393382823848,2,,,2.2545545520106995,3.4445708676792814,,,,,,2,,,,,,,,,"[1.9664840461336277, -1.0292664178724023, 0.21173492770523408, -0.6730236913655874]"
traveler (traveler.517),517,255.0,0.9082273325330296,2,,,1.6823402150929618,2.8953597901985457,,,,,,2,,,,,,,,,"[1.6770064000155085, -0.3154948254237181, 1.0164012821069288, -1.2757411242632046]"
traveler (traveler.518),518,255.0,0.47508114342087465,4,,,2.8955203961482106,2.7631837933172334,,,,,,4,,,,,,,,,"[-2.0705193731408444, 0.1386052989777597, 0.2689122914139708, -0.3618126465136769]"
traveler (traveler.519),519,255.0,0.7250712426872447,3,,,1.9742511193938097,2.9993159535938774,,,,,,3,,,,,,,,,"[0.4444862083184612, 1.0074826509217985, 0.2655180768469296, 2.687672085205228]"
traveler (traveler.520),520,255.0,0.4697636828209715,4,,,2.1601726513545785,2.824338235196138,,,,,,4,,,,,,,,,"[1.480285911449699, 0.5883646481868392, 0.8798282592396165, 0.6549993427318492]"
traveler (traveler.521),521,255.0,0.6806171175520641,4,,,2.4655785287881873,1.8202538539833457,,,,,,4,,,,,,,,,"[3.8002381444194357, -0.15966958674146925, -0.40982544289243517, 2.5779912132077003]"
traveler (traveler.522),522,262.5,2.5674296731938595,3,,,3.738915909235411,0.2512709152412951,,,,,,3,,,,,,,,,"[0.3806096195132498, -0.8317095120937773, 0.44553531429946364, 3.4521752298792427]"
traveler (traveler.523),523,262.5,2.3084856785316528,3,,,3.916977766026309,4.3224379656308844,,,,,,3,,,,,,,,,"[-1.0732165985262994, -0.10005449904112676, 0.6851192605537136, 2.0010175936677728]"
traveler (traveler.524),524,262.5,2.01811816446961,1,,,2.324415441880872,0.4895346337943801,,,,,,1,,,,,,,,,"[-1.3776582923952951, 0.25709129712042234, -0.07979126206474153, 0.9269048466908316]"
traveler (traveler.525),525,262.5,2.389453904962721,1,,,0.4257617319605972,3.686181087078399,,,,,,1,,,,,,,,,"[0.7970881233642714, 0.5099688298984587, 1.2857736350149533, 1.507118722521407]"
traveler (traveler.526),526,262.5,0.9005835075932075,1,,,1.96091385605301,3.2214130464257282,,,,,,1,,,,,,,,,"[-1.358819544567434, 2.060351897701031, 0.06994799713897214, 0.1544131743314147]"
traveler (traveler.527),527,262.5,0.7486404590030279,1,,,2.4738992372991278,3.248185329342067,,,,,,1,,,,,,,,,"[1.0667116316746275, 0.6546717353819798, -0.9242615342130794, -1.1857342064675729]"
traveler (traveler.528),528,262.5,0.5864832582367043,4,,,3.05965717953792,2.6753466668733714,,,,,,4,,,,,,,,,"[1.2286179541534914, -0.16544449031764524, -0.4526871982523214, -0.08896830245069878]"
traveler (traveler.529),529,262.5,0.44746483983554586,4,,,2.490976174730295,2.9473738408384564,,,,,,4,,,,,,,,,"[-0.9207675428571488, 1.5230414203182037, -0.30563451019260907, -0.3929694105754307]"
traveler (traveler.530),530,262.5,0.29858539583437527,4,,,2.238002784620062,2.356784436115592,,,,,,4,,,,,,,,,"[-1.4408687492168362, -1.1962706964272558, 0.9027677161230858, 0.3585892833422134]"
traveler (traveler.531),531,262.5,0.5381732218892914,4,,,1.9884612599894114,2.667208056705052,,,,,,4,,,,,,,,,"[-0.3722086796345907, 0.40245285135948744, 0.27635471877434403, 0.7213233709658673]"
traveler (traveler.532),532,262.5,0.5582285699781024,4,,,2.615706264914654,1.9538945187976071,,,,,,4,,,,,,,,,"[-1.9580040271982297, 1.6790230826037358, 3.032373012161241, -0.6953697486512945]"
traveler (traveler.533),533,262.5,0.426251235679057,4,,,2.634433310516542,2.9044969727222765,,,,,,4,,,,,,,,,"[-1.3471247443824688, -0.13524551801674248, 0.9463321490289736, -0.5991337628786784]"
traveler (traveler.534),534,270.0,1.757222087184191,1,,,2.735858999567262,0.7586786637696374,,,,,,1,,,,,,,,,"[9.057778230207013, 3.788072874254287, -1.019973342149574, 0.6291958248719371]"
traveler (traveler.535),535,270.0,2.241607874112489,1,,,4.384350665883613,3.7140957249192086,,,,,,1,,,,,,,,,"[2.2570252386357272, -0.10679028183379714, 0.2310485523225549, -0.35798776127830245]"
traveler (traveler.536),536,270.0,2.0092812220568037,1,,,2.859183416876472,4.47691636200195,,,,,,1,,,,,,,,,"[1.748378067032084, -0.25636265562678684, 0.5355042449268854, 0.19396875613365244]"
traveler (traveler.537),537,270.0,0.8101350384668708,2,,,3.043198912726888,1.8989561398998864,,,,,,2,,,,,,,,,"[-0.2644270049571669, 0.01807526465953153, 0.75094322929599, -0.9256554631338589]"
traveler (traveler.538),538,270.0,0.6047062922194502,4,,,3.074044167757054,2.6901131066336736,,,,,,4,,,,,,,,,"[3.011214955841426, 1.5570339535576234, -0.15637380880993287, -0.8053773503452127]"
traveler (traveler.539),539,270.0,0.8210435716526673,3,,,2.1858987077460372,3.2585861353574552,,,,,,3,,,,,,,,,"[2.552898770045974, 1.1232364540150943, 0.6068095541581427, 2.911986907054007]"
traveler (traveler.540),540,270.0,0.9449875957632781,1,,,3.4445868069541374,2.52751945265894,,,,,,1,,,,,,,,,"[0.40175390314540793, 1.2642537404991527, 0.2386162202153997, -0.6231281833283988]"
traveler (traveler.541),541,270.0,0.8892778114646123,3,,,1.632123795619634,2.3060775416986994,,,,,,3,,,,,,,,,"[-1.9889459346945446, 0.8994803294571365, 0.6972064359336874, 2.31291111530132]"
traveler (traveler.542),542,270.0,0.831829470760074,2,,,2.0179887744426113,1.8220579325180881,,,,,,2,,,,,,,,,"[-3.1817426339395425, -1.310151606364721, 0.4894569742024672, 0.4174364446349899]"
traveler (traveler.543),543,270.0,0.8380578388084584,2,,,3.2469079012816833,2.119908526547496,,,,,,2,,,,,,,,,"[3.0965889714459847, 0.7871037232207702, 6.264429755852866, -0.13397686832978556]"
traveler (traveler.544),544,270.0,0.5631715654795708,4,,,2.508663685096963,3.063104921595657,,,,,,4,,,,,,,,,"[1.0383086933188135, 1.3916842356657684, 0.21182999964087978, 2.102005471230263]"
traveler (traveler.545),545,270.0,0.8810764716892777,1,,,1.8167336899999793,3.056275919471068,,,,,,1,,,,,,,,,"[-0.8736850706681082, 4.546611796244549, 1.5194690990087187, -0.7609285911051115]"
traveler (traveler.546),546,270.0,0.7329224563148838,1,,,2.2350714119704342,1.8166346729491585,,,,,,1,,,,,,,,,"[0.9630179239920184, 2.012864925028124, -0.1967921967082653, 0.60642520099395]"
traveler (traveler.547),547,277.5,2.498288305059664,1,,,2.3891177922246367,0.004173565490430686,,,,,,1,,,,,,,,,"[0.4182256841331631, 2.670725491121085, 0.6286940386787809, -0.2873429229529075]"
traveler (traveler.548),548,277.5,1.1340159278429711,2,,,2.7296066626940414,1.3894717900710223,,,,,,2,,,,,,,,,"[2.2207660919385472, -0.7500320603688098, 1.8602267612120547, 1.1210376834892772]"
traveler (traveler.549),549,277.5,0.3034802759967062,4,,,2.802817243729158,2.52004980846075,,,,,,4,,,,,,,,,"[2.721136856081964, 2.6992300415540567, -0.6090131142044712, -0.010772271944125769]"
traveler (traveler.550),550,277.5,0.8879863300572004,2,,,2.1452381748495424,3.314041626567322,,,,,,2,,,,,,,,,"[-1.9384640498475614, -0.2651323756869391, 2.2147559278206566, -1.1558433305826414]"
traveler (traveler.551),551,277.5,0.4122481469740794,4,,,2.6007977909980644,2.100264662540985,,,,,,4,,,,,,,,,"[-0.6934605535768383, -1.0867761497549486, 2.0863165765889824, -1.415403819800374]"
traveler (traveler.552),552,277.5,0.9721411778251811,1,,,2.884126834465576,1.6069686205587252,,,,,,1,,,,,,,,,"[0.5404506343066154, 0.34994654398577474, 0.26265879353548643, -0.7432603775940367]"
traveler (traveler.553),553,277.5,0.9436994336905329,3,,,1.9907556323444844,3.2945053776778144,,,,,,3,,,,,,,,,"[-1.1226945616466886, -1.3312271139207479, -0.3893553041834819, 2.0926375705194364]"
traveler (traveler.554),554,285.0,2.170988718852911,1,,,2.1802453724400235,4.6473120396301475,,,,,,1,,,,,,,,,"[-1.8376681355269324, -0.9129997730173526, -0.21654940840445544, -1.1447643528665528]"
traveler (traveler.555),555,285.0,1.75268657824362,2,,,0.8542506297359304,1.8971573573222051,,,,,,2,,,,,,,,,"[5.081444989813386, 0.3563956981081364, 3.9106687840919956, 0.31642310308636207]"
traveler (traveler.556),556,285.0,0.8400815820893701,2,,,1.8399545892171636,1.98031055401298,,,,,,2,,,,,,,,,"[0.5239582222905425, 0.06381804155682862, 1.3120270858906644, 0.11869339523706135]"
traveler (traveler.557),557,285.0,0.4927111497399631,4,,,2.064746973930562,2.730909247054927,,,,,,4,,,,,,,,,"[-0.47374339039969166, -1.475244314524478, 0.6567047314995172, 0.9201094999287749]"
traveler (traveler.558),558,285.0,0.6915891629793376,4,,,3.093099484728421,2.144291451374384,,,,,,4,,,,,,,,,"[2.780961931187239, 0.5893503283336503, 6.997697897225734, 0.6826899688118393]"
traveler (traveler.559),559,285.0,0.46171786071458265,4,,,2.0504756697807425,2.605409958940219,,,,,,4,,,,,,,,,"[1.1316335023274848, 1.1735904032338111, -0.8470314741414057, 0.7693767391615259]"
traveler (traveler.560),560,285.0,0.4689014789641753,4,,,2.113695593604632,2.7657771671425393,,,,,,4,,,,,,,,,"[2.189182770742565, 0.9562213055268407, 3.661370926965281, 1.9609296595437606]"
traveler (traveler.561),561,285.0,0.3414852967902281,4,,,2.255964415618078,2.2611300741422564,,,,,,4,,,,,,,,,"[5.245916956277827, 0.9386087876484206, -0.08569032076184757, 1.235978700527747]"
traveler (traveler.562),562,285.0,0.7543026363305033,1,,,1.7899630012581824,2.245402420292612,,,,,,1,,,,,,,,,"[0.9040933793746168, 1.423913263608775, 1.206867683679794, -0.8252520703013864]"
traveler (traveler.563),563,292.5,1.6787767649876983,1,,,3.58675073363008,1.220443721590549,,,,,,1,,,,,,,,,"[7.341212345501645, 1.8584929581774876, 2.559432476303954, -0.9911159775477493]"
traveler (traveler.564),564,292.5,2.8161398180193946,1,,,0.272350021335393,0.7771479903398887,,,,,,1,,,,,,,,,"[-0.1790417349230151, 1.0854439277292451, -0.22060407599108373, -1.0140887132594127]"
traveler (traveler.565),565,292.5,2.078415858987282,2,,,4.34173250503494,3.4632413315403188,,,,,,2,,,,,,,,,"[-0.6641449029566668, 0.3901353129432184, 1.7492202715714, 1.896449614973453]"
traveler (traveler.566),566,292.5,2.023003426715969,1,,,2.308814216949593,0.48605092892994084,,,,,,1,,,,,,,,,"[-0.9936721894307625, 0.9263934057089542, -0.007628380372975332, 0.04973304104870532]"
traveler (traveler.567),567,292.5,2.4797652467024878,1,,,0.04165957094064532,2.174733934131275,,,,,,1,,,,,,,,,"[3.104197441912676, 2.1483024577154475, 0.6089451702399555, -0.5886259873179281]"
traveler (traveler.568),568,292.5,0.4397997802885537,4,,,2.9395615257191516,2.514474524148024,,,,,,4,,,,,,,,,"[3.1801944454060225, 1.2590351498255867, 0.09625812924238904, 3.0216349848152593]"
traveler (traveler.569),569,292.5,0.5160061309820049,4,,,2.5778440170531782,1.9898993861795082,,,,,,4,,,,,,,,,"[-0.7646184628599604, 2.77404136091867, 0.0764584573131918, -0.6715416611448328]"
traveler (traveler.570),570,292.5,0.2668559532157801,4,,,2.526020288317542,2.765584345100713,,,,,,4,,,,,,,,,"[-0.5505004631007281, -1.7330656338495423, 4.527467128127964, -0.8403519854018783]"
traveler (traveler.571),571,292.5,0.49391874543172587,4,,,2.313775940069014,2.042532704347436,,,,,,4,,,,,,,,,"[1.6093980139937085, 1.2633536733915949, 1.5733473891463474, 0.8011182055235913]"
traveler (traveler.572),572,292.5,0.8466503429689088,1,,,2.2430903220644325,3.3067305749954032,,,,,,1,,,,,,,,,"[-0.5120692417625791, 2.7187957927910675, 1.590013339218601, -0.47164805675571586]"
traveler (traveler.573),573,292.5,0.04449764378072612,4,,,2.4803878034970217,2.4600575157211653,,,,,,4,,,,,,,,,"[0.4079094768287304, -0.5566703644330718, 1.054168614935365, 1.8362248515168857]"
traveler (traveler.574),574,300.0,2.397623859090912,1,,,4.511659263022732,3.804540984092426,,,,,,1,,,,,,,,,"[-0.01956030738643482, 0.5410399988651278, 0.9049619300743339, 1.0389197733560538]"
traveler (traveler.575),575,300.0,1.7507110910430816,3,,,4.11460497400811,3.176786600199449,,,,,,3,,,,,,,,,"[-1.99115413858215, -1.1146144352747485, -0.14111523909730184, 1.458237202558837]"
traveler (traveler.576),576,300.0,3.0353689397809527,1,,,0.5996079238767305,4.866849077908187,,,,,,1,,,,,,,,,"[3.1837922632252114, 0.9996272786297676, -0.6661541470945884, 0.1140377221917519]"
traveler (traveler.577),577,300.0,0.5094330732764945,4,,,2.154984127806859,2.8748147596916915,,,,,,4,,,,,,,,,"[1.0256209673485348, -0.42063898089091756, -0.7049271558868536, 0.27756857019178244]"
traveler (traveler.578),578,300.0,0.9615450017615474,2,,,3.4059100296232154,2.177671272393106,,,,,,2,,,,,,,,,"[1.305985610152785, 0.84100480778684, 3.8058253699337015, 0.8397851208200284]"
traveler (traveler.579),579,300.0,0.6804640173436765,4,,,2.623073731713447,3.1692414627484027,,,,,,4,,,,,,,,,"[-2.192518907445624, -0.11001537372415197, -0.3164293268258706, 0.761143505265456]"
traveler (traveler.580),580,300.0,0.9285533688465708,3,,,3.3785615505921096,2.800567730499307,,,,,,3,,,,,,,,,"[1.415461726801575, -0.2662277647369457, -0.15719402703802984, 0.29477627900907943]"
traveler (traveler.581),581,300.0,0.8680697532394056,1,,,2.8731182815889724,1.7162093108276835,,,,,,1,,,,,,,,,"[6.50105345966935, 3.672047738350767, 0.5775630065342966, -0.16294774912147275]"
traveler (traveler.582),582,300.0,0.7965748317556895,1,,,3.208999545018524,2.863113078461973,,,,,,1,,,,,,,,,"[0.20698602277153075, 2.5762335076893232, 1.0736022193148496, -0.31445878658742665]"
traveler (traveler.583),583,300.0,0.8603287124401484,1,,,2.8792328398646907,3.272235680745901,,,,,,1,,,,,,,,,"[1.304823416219236, 1.897463123036848, -0.6111677774584549, 1.018399829191073]"
traveler (traveler.584),584,307.5,1.5847384772282287,2,,,3.585529859978979,1.3454347293021223,,,,,,2,,,,,,,,,"[-1.8831832765514658, -1.3131326811039787, 1.6340293011465985, 0.3922758885276296]"
traveler (traveler.585),585,307.5,0.7662874587566006,2,,,2.1312742496206107,3.171742354221323,,,,,,2,,,,,,,,,"[-0.45578080630740375, 0.39180399068840266, 3.2092256625028175, -0.6204352476012366]"
traveler (traveler.586),586,307.5,0.9132669571498306,2,,,1.6356277502876613,2.205182855062768,,,,,,2,,,,,,,,,"[0.44476921638192846, -1.139768832522117, 0.7239992432193817, -0.639012504857114]"
traveler (traveler.587),587,307.5,0.9098565251796421,3,,,3.3684120088331806,2.228523519754855,,,,,,3,,,,,,,,,"[5.200515141560015, -0.3342013322549068, 0.10241907812041992, 0.6534443251559424]"
traveler (traveler.588),588,307.5,0.8346552665452321,2,,,1.6747324670193777,2.6248315384018404,,,,,,2,,,,,,,,,"[-1.2606324229919574, -0.8971709373862228, 0.0058110403680628475, -0.11094314575170211]"
traveler (traveler.589),589,307.5,0.438203155992186,4,,,2.081561072382414,2.3698813242622077,,,,,,4,,,,,,,,,"[0.6336166740721422, 1.3016406577565502, 0.19808183412277328, -0.2698376524615337]"
traveler (traveler.590),590,307.5,0.9013712115244487,2,,,3.243291323850693,1.9901097482268009,,,,,,2,,,,,,,,,"[0.1834211323949652, 1.069344705221967, 3.3091629671602982, 1.4348555899832223]"
traveler (traveler.591),591,307.5,0.4835844212687553,4,,,2.137785379245998,2.179602651375091,,,,,,4,,,,,,,,,"[-0.6762750183551351, 0.18466309855094182, 2.616813647982623, 2.5869491951260484]"
traveler (traveler.592),592,307.5,0.5349853680299034,4,,,2.149868999439188,2.0955032429643277,,,,,,4,,,,,,,,,"[0.16051771405411033, 0.21413493883688453, -0.7460062207871234, 1.220123298209356]"
traveler (traveler.593),593,307.5,0.4399708718973749,4,,,2.1320991023672473,2.2587049572843423,,,,,,4,,,,,,,,,"[5.668523182447204, -0.8113297315024162, -1.1945642911188348, 0.5887158513299208]"
traveler (traveler.594),594,307.5,0.7035486792141906,2,,,2.1021603808461693,3.080262338477664,,,,,,2,,,,,,,,,"[0.8509837640941583, -0.06953779147167519, 1.1666198626331572, -0.004388998051008581]"
traveler (traveler.595),595,315.0,1.7662038012154542,1,,,3.999977599290514,1.5675070675578362,,,,,,1,,,,,,,,,"[3.4003358441588025, 9.274867453674103, -0.7643457898197122, 1.6394518874172412]"
traveler (traveler.596),596,315.0,2.175582773007319,1,,,3.463646405869776,0.5494754534586144,,,,,,1,,,,,,,,,"[1.316818407228661, -0.24675542665306682, -1.028680721929525, 0.6568002483161731]"
traveler (traveler.597),597,315.0,2.529125393374211,1,,,3.269103497279244,4.909347435693552,,,,,,1,,,,,,,,,"[0.3441453291212655, 0.7542677397478819, 0.3811047184897024, -0.10834570637231102]"
traveler (traveler.598),598,315.0,1.4661890289449173,2,,,1.5947475318910276,1.3466447912368658,,,,,,2,,,,,,,,,"[1.658974294473446, -0.743078323320081, 1.636181072023136, 0.8930323602760513]"
traveler (traveler.599),599,315.0,0.33234121987714416,4,,,2.7833962658290754,2.673600814927708,,,,,,4,,,,,,,,,"[-1.3789734198431463, 0.2253565408953321, -0.4935489428857653, 1.285728616817255]"
traveler (traveler.600),600,315.0,0.477905159078067,4,,,2.9779000592583684,2.497792187897373,,,,,,4,,,,,,,,,"[2.4809241354795444, 0.1333376090270581, 3.44477209712601, -1.0318664546951255]"
traveler (traveler.601),601,315.0,0.8549719387840922,3,,,2.3708602130807503,3.345162665729314,,,,,,3,,,,,,,,,"[1.9059782010764645, 0.019842280550497214, -0.0007146489595726455, 1.5614874572751845]"
traveler (traveler.602),602,315.0,0.7518272724047247,1,,,2.0240934380328275,1.9179714853994576,,,,,,1,,,,,,,,,"[2.168783092602821, 0.3223935416526151, -0.2668091524130084, -1.2436953890323226]"
traveler (traveler.603),603,315.0,0.9789547487553114,2,,,2.0012330992159324,1.6576319220240887,,,,,,2,,,,,,,,,"[1.740286837254628, -0.2775899708171513, 0.6996785496217238, 0.38751875186115625]"
traveler (traveler.604),604,315.0,0.5159820551093124,4,,,2.7681414892319545,2.059162588988526,,,,,,4,,,,,,,,,"[0.5663408823706116, -0.200318852502239, -0.1230159404744095, 0.3867303122373393]"
traveler (traveler.605),605,315.0,0.9524759254466417,1,,,3.414958343933228,2.7646915514753,,,,,,1,,,,,,,,,"[2.1031600426733323, 2.4368483596325134, 0.5233000731553415, 0.5327648210617656]"
traveler (traveler.606),606,322.5,1.5746110397126991,1,,,3.1967542593270837,3.9120670764856302,,,,,,1,,,,,,,,,"[0.8177330377707791, 2.2539745077695854, 0.4215455240995542, 0.5333233508024048]"
traveler (traveler.607),607,322.5,2.06933509729817,2,,,0.4374020569538717,2.666845647986112,,,,,,2,,,,,,,,,"[0.617214767454647, -1.51584713160351, 2.2450889422240667, -1.2672281819255076]"
traveler (traveler.608),608,322.5,0.36189607980468924,4,,,2.772140292156819,2.261445113311835,,,,,,4,,,,,,,,,"[-0.5433764694128976, -1.2704452624730593, 0.9440719077130475, 0.27020690619138227]"
traveler (traveler.609),609,322.5,0.5001536201959,4,,,2.020272128507317,2.3585262812103798,,,,,,4,,,,,,,,,"[1.176350217241003, 0.7425456257374056, 0.8132261017096473, -1.096424189736095]"
traveler (traveler.610),610,322.5,0.685403984937411,4,,,2.488852060172433,1.8146866804113,,,,,,4,,,,,,,,,"[1.5581167339798636, 1.7490288878408775, -0.21023415441667223, 0.5991255037910829]"
traveler (traveler.611),611,322.5,0.8670770417203685,1,,,2.234290560099896,3.3253611874970366,,,,,,1,,,,,,,,,"[-0.7710267276781794, 2.746402992143849, -0.4882513409741667, 0.4394216617221978]"
traveler (traveler.612),612,330.0,1.4737108136577022,2,,,2.828838269614814,3.9365545429006104,,,,,,2,,,,,,,,,"[-0.882123546927238, 0.3206000113696462, 1.3996334957111332, 0.5781580810200646]"
traveler (traveler.613),613,330.0,1.6374269725803567,1,,,2.7045383694294456,0.87539815771223,,,,,,1,,,,,,,,,"[2.8768551257743056, 2.5151081072033206, 1.2128937469194963, -0.18728457058328704]"
traveler (traveler.614),614,330.0,1.6562024246469222,1,,,1.4404229094896244,3.7729111754839417,,,,,,1,,,,,,,,,"[-0.08585339504432069, 2.1729380308738495, -0.20797040278525003, -0.23470044751582075]"
traveler (traveler.615),615,330.0,1.4497830317873899,3,,,1.053048457138443,2.5905652906426964,,,,,,3,,,,,,,,,"[2.0852097376889667, -0.37351740174583226, 0.9782218634704487, 1.6838676365188447]"
traveler (traveler.616),616,330.0,0.9539739043402112,2,,,2.942953581299233,3.3449013758873223,,,,,,2,,,,,,,,,"[1.5661631982664592, 0.17947288081897966, 1.5689712167809504, -0.42257946496513793]"
traveler (traveler.617),617,330.0,0.17811619728911693,4,,,2.6422690490988687,2.392832386397572,,,,,,4,,,,,,,,,"[5.013545135667773, 0.6602984836078635, 0.16402401662241098, 3.0892587504582427]"
traveler (traveler.618),618,330.0,0.19695437565218782,4,,,2.6164987638864208,2.658805113587312,,,,,,4,,,,,,,,,"[2.100353023421123, 1.2206885244389483, 1.2203824458508201, -0.2880885172002177]"
traveler (traveler.619),619,330.0,0.7889792432452092,1,,,2.8023759748062407,3.228736588989299,,,,,,1,,,,,,,,,"[-1.1543707542679356, 1.1712745266146019, -0.559751690686939, -0.7878739822536398]"
traveler (traveler.620),620,330.0,0.7688635820916492,1,,,2.8459914921110023,1.8133843176466151,,,,,,1,,,,,,,,,"[5.671465842080735, 1.819121354387809, 0.5440998457979451, -0.2864233858783953]"
traveler (traveler.621),621,330.0,0.05645462660915806,4,,,2.5544443184131644,2.485068789127957,,,,,,4,,,,,,,,,"[3.179435689424097, 1.088442736652617, -0.5905012247833664, -0.2737776261000681]"
traveler (traveler.622),622,330.0,0.555573456389902,4,,,1.9999648249196307,2.2578705116526145,,,,,,4,,,,,,,,,"[0.8885790731732445, 0.3585745191240694, -0.9105220760050091, -1.5112453685469265]"
traveler (traveler.623),623,337.5,1.2367367394969146,1,,,1.6206764546766206,3.3696596262109573,,,,,,1,,,,,,,,,"[3.3405148691811357, 1.501254166971545, 1.1849272323822138, 1.4968129537618873]"
traveler (traveler.624),624,337.5,2.372302793879866,1,,,0.5260299360552206,3.815774575107782,,,,,,1,,,,,,,,,"[1.4794063205455819, 1.8926061295428986, 0.035730899352482456, 0.29768812138561496]"
traveler (traveler.625),625,337.5,0.8696796416447354,2,,,3.246481730216743,2.053785135227508,,,,,,2,,,,,,,,,"[0.028477729751059538, 1.0793439439253254, 1.734048870216159, 0.8581811644425719]"
traveler (traveler.626),626,337.5,0.47335149948844263,4,,,2.275155338412238,2.083458861307263,,,,,,4,,,,,,,,,"[1.3205798728705316, -0.5041869257699406, -0.8116708750630659, -0.16435119195474085]"
traveler (traveler.627),627,337.5,0.30331726918608926,4,,,2.7383863429733832,2.687545507198341,,,,,,4,,,,,,,,,"[1.3324041203205714, -0.43463838831848073, 0.8959947497186227, -0.7682993074431402]"
traveler (traveler.628),628,337.5,0.8816632360883752,3,,,2.9023787991736096,3.284487962842917,,,,,,3,,,,,,,,,"[1.7934714706955945, -0.40073591357807603, 1.2866285300915619, 2.171973267109372]"
traveler (traveler.629),629,337.5,0.952669613308309,2,,,2.2391378706703673,1.5837411164945723,,,,,,2,,,,,,,,,"[-0.7609437028817322, 0.11487594030579244, 0.9517809850050734, -1.2762784149327162]"
traveler (traveler.630),630,337.5,0.12502480358181509,4,,,2.609356944971458,2.5605991757137088,,,,,,4,,,,,,,,,"[3.4667839138295866, -0.09308848783241658, 1.2654433961282157, 1.8644160746537113]"
traveler (traveler.631),631,345.0,2.12082367679202,1,,,3.752298425984326,0.788380380949435,,,,,,1,,,,,,,,,"[5.22173976474217, 2.076874618376422, 0.03062133140226916, -0.6001259550629824]"
traveler (traveler.632),632,345.0,1.9688189028083134,1,,,2.989973822249973,4.4068753303677415,,,,,,1,,,,,,,,,"[-0.1486540418067366, -0.24782964887486647, -0.2600353085078358, -0.2239012972584741]"
traveler (traveler.633),633,345.0,2.0353016379532236,2,,,4.5284285143858325,2.33287573640683,,,,,,2,,,,,,,,,"[4.543984944316869, -0.4270047420015741, 2.4859910205061033, 2.461277056597472]"
traveler (traveler.634),634,345.0,0.9903419589515663,1,,,2.200467400047388,1.5560416231498053,,,,,,1,,,,,,,,,"[0.7540547007360862, 5.3247088123463095, 0.6379487904540895, 0.28567813468594117]"
traveler (traveler.635),635,345.0,0.9756831546805182,1,,,2.756783173948927,3.4412863644524143,,,,,,1,,,,,,,,,"[3.387516283035337, 3.0014301387540487, 2.2417265703406377, 0.055291843411770694]"
traveler (traveler.636),636,345.0,0.6981846612188938,4,,,2.902153497763023,3.0707314477040035,,,,,,4,,,,,,,,,"[8.543143744380746, -0.7958535535686975, -0.23231178629608512, -1.0121009338359475]"
traveler (traveler.637),637,345.0,0.5860028221797219,4,,,2.253900003936978,3.031821492176068,,,,,,4,,,,,,,,,"[-1.0733177032524461, 0.26566936809987113, 1.3229663769206796, 0.9616659029260296]"
traveler (traveler.638),638,345.0,0.7879995037773246,2,,,3.1595240210714333,2.068756120526821,,,,,,2,,,,,,,,,"[2.6110221771752067, 0.9252624499094007, 1.9904969442257785, -0.6180438156020518]"
traveler (traveler.639),639,345.0,0.7419024967161991,3,,,1.771388005204686,2.360200587718964,,,,,,3,,,,,,,,,"[0.3539479764174537, -0.6256371456980412, -0.42515921784986715, 0.20987681339078526]"
traveler (traveler.640),640,345.0,0.4582019012300203,4,,,2.7446517736251588,2.1125796959981713,,,,,,4,,,,,,,,,"[1.8617528829403933, 1.131733194225062, 2.134796956842038, 2.6729731528782605]"
traveler (traveler.641),641,352.5,2.714872218785308,1,,,0.028822219530669213,1.3758062704111302,,,,,,1,,,,,,,,,"[-0.6727107194359853, 1.8955332369995477, 1.7976194436117425, 2.6577091491916254]"
traveler (traveler.642),642,352.5,2.5551964059434895,2,,,0.3566944656600013,1.1088601582105202,,,,,,2,,,,,,,,,"[0.7603309330631812, -1.0075501224169412, 1.2092880014377583, 0.9729400942941306]"
traveler (traveler.643),643,352.5,1.5128094873415718,2,,,3.51254984438442,1.3760180794924874,,,,,,2,,,,,,,,,"[0.5757813269990585, 0.1528936309194872, 1.375042035508849, 0.5351739062023319]"
traveler (traveler.644),644,352.5,2.2708395008641125,3,,,3.497259690819617,0.45985658647458516,,,,,,3,,,,,,,,,"[2.871619499395713, -1.4961482132727775, 0.06113022910835471, 1.7159049685937808]"
traveler (traveler.645),645,352.5,1.1346284633789863,1,,,1.3869055704068334,2.2799942257157264,,,,,,1,,,,,,,,,"[0.6744758984500097, 0.28046806998200574, -0.26419111672373535, -0.7735056563523383]"
traveler (traveler.646),646,352.5,0.2970932534989266,4,,,2.532606668643923,2.204701496050991,,,,,,4,,,,,,,,,"[-0.23829806859901764, 0.7154955401686123, 0.4884474364586915, 0.25082338651328073]"
traveler (traveler.647),647,352.5,0.9732415354064817,1,,,3.468980606563125,2.409029288532381,,,,,,1,,,,,,,,,"[3.857856169981148, -0.04365818380202307, -0.6465890896395681, 0.30405025601417823]"
traveler (traveler.648),648,352.5,0.6898100052052213,4,,,3.0941552747401175,2.1495469321296747,,,,,,4,,,,,,,,,"[-0.02684795335189673, -1.679261235186973, 0.9022649097216171, -0.128970900380155]"
traveler (traveler.649),649,352.5,0.6543596858412987,4,,,3.01825902156708,2.1005075907871893,,,,,,4,,,,,,,,,"[8.16608580198633, 0.6540197065907551, 2.502402886809461, 0.8385851068119634]"
traveler (traveler.650),650,352.5,0.8128319688210794,1,,,3.280807000994985,2.2740879889541725,,,,,,1,,,,,,,,,"[2.051450288030954, 1.6009813894287506, 0.5522370757151455, 0.14259281823509218]"
traveler (traveler.651),651,360.0,2.3897069727354565,1,,,4.716919816538575,3.3921692342706224,,,,,,1,,,,,,,,,"[5.853757379514928, 0.035097481608807324, 0.12810155031104883, 0.8152645899210191]"
traveler (traveler.652),652,360.0,0.8536706896580606,1,,,1.6733551909116888,2.286899070887482,,,,,,1,,,,,,,,,"[2.239793484085386, 1.3533107940199822, -0.755604017573072, -0.9698399784354682]"
traveler (traveler.653),653,360.0,0.7122978321858774,3,,,2.153079117981065,3.122104575900149,,,,,,3,,,,,,,,,"[-0.5301344221154749, 0.08618596090535774, -1.2048845945530213, 1.2588344006409515]"
traveler (traveler.654),654,360.0,0.7060751241960366,2,,,1.8264560714737386,2.7118505542920737,,,,,,2,,,,,,,,,"[2.4425885006009977, -0.39053359781445035, 1.7927590806747082, 0.7663109621529067]"
traveler (traveler.655),655,360.0,0.9716990191360674,3,,,1.7021621976184584,1.945334492796796,,,,,,3,,,,,,,,,"[-0.7129168444672788, 0.31047879083916036, 0.20212551236862417, 1.5973360458802583]"
traveler (traveler.656),656,367.5,1.8266276132789525,1,,,3.7134565611463186,1.1346825966815943,,,,,,1,,,,,,,,,"[0.6990136405557849, -0.1897698449796765, -0.09828602017726887, 0.04949487350090241]"
traveler (traveler.657),657,367.5,0.958276966471622,3,,,3.4437896090981175,2.6659997537000484,,,,,,3,,,,,,,,,"[2.987433006557085, -0.12311531346000619, 1.064663511013071, 1.2621381027297467]"
traveler (traveler.658),658,367.5,0.5613705059724609,4,,,2.416380685380587,3.0551077870092946,,,,,,4,,,,,,,,,"[3.1990705676553706, 0.16261341642999888, -0.3259114983504509, 1.1500513470205849]"
traveler (traveler.122),122,105.0,1.0728622815565492,,,,1.4351440097317685,2.6308250556146957,SAV (sav.3),1,6.371680864746253,1,False,,,,,1.4351440097317685,2.6308250556146957,114.7433617294925,"[2, 6.371680864746253, 9.743361729492506]","[1.517256389135814, 3.034512778271628]",
traveler (traveler.659),659,367.5,0.8879659658053065,0,0.0,1.0,1.821674459886929,1.9269746793911622,SAV (sav.3),,,,False,0,0.8599628087622495,0.8599628087622495,normal,,,,,,"[9.617801842377661, 0.4817366420555004, 1.6560108786537502, 0.8414723748240568]"
traveler (traveler.660),660,367.5,0.7416980235064565,2,,,2.7699562194889715,1.809174698181511,,,,,,2,,,,,,,,,"[3.372053217391287, -0.06061886224564233, 0.702387905775617, -0.051295925248483934]"
traveler (traveler.661),661,367.5,0.9589824850831838,1,,,1.5750248343530813,2.7531172645885187,,,,,,1,,,,,,,,,"[7.249670863387515, 4.123850892642882, -0.16303134615523887, -1.035488956254712]"
traveler (traveler.662),662,375.0,2.0312678117246246,1,,,2.3654317385990757,0.47319455645785324,,,,,,1,,,,,,,,,"[6.97944349328068, 0.46404245708163316, -0.8424717761628497, 0.621505238410983]"
traveler (traveler.663),663,375.0,2.4278472667981474,2,,,3.4134094243433584,0.2505277120133331,,,,,,2,,,,,,,,,"[0.27567465661212426, -0.20055834076516418, 2.4167947908326624, 1.2007579780371858]"
traveler (traveler.664),664,375.0,1.6690110104434481,0,0.0,1.0,3.461002248475556,3.8645777483919286,SAV (sav.2),,,,False,0,0.037999725785200056,0.037999725785200056,normal,,,,,,"[9.253834154293443, -0.9024563385975343, 0.9161942463991991, -0.8252587648089963]"
traveler (traveler.665),665,375.0,2.833782147844067,1,,,4.229668288375233,4.744675672258428,,,,,,1,,,,,,,,,"[3.526603848552711, 0.8172753564346459, -0.10234829259404891, -0.29195079304374916]"
traveler (traveler.666),666,375.0,0.7010548973409192,2,,,1.8035983793033767,2.4193603585275625,,,,,,2,,,,,,,,,"[0.9956315385318757, -0.22016104064573797, 0.859454587865784, -0.4552157399559631]"
traveler (traveler.667),667,375.0,0.26796027788769916,4,,,2.3920564015615833,2.2547432160330345,,,,,,4,,,,,,,,,"[-0.9223326283035751, -0.8295937693714209, 0.39698666593056203, 0.6945256790574591]"
traveler (traveler.668),668,375.0,0.869496509437564,1,,,3.224493231080044,2.980763702917874,,,,,,1,,,,,,,,,"[2.160011278390166, 0.6071293622449628, -1.051636771599086, 0.5763380913139198]"
traveler (traveler.669),669,375.0,0.11524715007634483,4,,,2.6086354726335896,2.4615261168271756,,,,,,4,,,,,,,,,"[-2.798185525873173, -0.6448189780425949, -1.500676069315304, -0.4287646455023187]"
traveler (traveler.670),670,375.0,0.6151288971731653,4,,,2.211102762779511,3.0430671657022206,,,,,,4,,,,,,,,,"[0.5181932724624283, -0.5259801463562674, 0.6339351988087338, -0.24561387414273447]"
traveler (traveler.671),671,375.0,0.3303852608687036,4,,,2.7486227916948462,2.282419835349951,,,,,,4,,,,,,,,,"[6.03553254049646, -0.6078861814590871, 1.5898655782123887, 0.8089209760860148]"
traveler (traveler.672),672,375.0,0.8415089443770087,3,,,1.6764198732039195,2.672780433536496,,,,,,3,,,,,,,,,"[-1.091288522022067, -0.33555964542210326, -0.11051286705548892, 0.30803929123530044]"
traveler (traveler.673),673,375.0,0.7768671863955,1,,,2.527496733638478,3.276380418955344,,,,,,1,,,,,,,,,"[0.974605460197873, 0.9869525878714884, -0.6593234466669194, 1.2672229779293727]"
traveler (traveler.674),674,382.5,1.0918827778324243,3,,,1.4580866233607375,2.8265340963930434,,,,,,3,,,,,,,,,"[3.4408406863573417, 2.322008859268141, 1.2583342944818363, 4.743086915840782]"
traveler (traveler.675),675,382.5,2.7965138449361144,2,,,1.2378595848404288,4.9954941910051,,,,,,2,,,,,,,,,"[6.234966298874005, -1.2250948804272017, 1.950395815118305, -0.7921459269135794]"
traveler (traveler.676),676,382.5,1.5940685430276442,1,,,1.1755747046244547,1.6128967608898748,,,,,,1,,,,,,,,,"[6.521019018210676, 0.6243020990017749, 0.007949014687930534, 1.178044815719744]"
traveler (traveler.677),677,382.5,0.8320170034662063,2,,,3.275292110387717,2.801951051707798,,,,,,2,,,,,,,,,"[8.530808612698692, 0.5880623123240016, 1.742974840929904, 0.05788619824194872]"
traveler (traveler.678),678,382.5,0.35231496801005924,4,,,2.5802928187857868,2.84304358314267,,,,,,4,,,,,,,,,"[0.047363518586330276, 3.373816566522054, 1.3820363064254026, 0.26636383647480605]"
traveler (traveler.679),679,382.5,0.5645189651214795,4,,,3.05836338872899,2.583138367249455,,,,,,4,,,,,,,,,"[1.539951603800545, -0.7033177207685695, 0.6185670917348179, -1.6529441516839598]"
traveler (traveler.680),680,382.5,0.9729957177103525,1,,,2.4802640526751745,3.472795538160962,,,,,,1,,,,,,,,,"[-0.41878815235371974, 2.704638073097458, -0.2365027187856405, -0.3227245878154875]"
traveler (traveler.681),681,382.5,0.662469867254825,4,,,3.155521097019591,2.4043003846253406,,,,,,4,,,,,,,,,"[1.7123818608028232, 1.3521962096125142, 1.952284419231508, 0.3990084829492919]"
traveler (traveler.664),664,375.0,1.6690110104434481,,,,3.461002248475556,3.461002248475556,SAV (sav.2),1,8.245195570486995,1,False,,,,,3.461002248475556,3.8645777483919286,388.490391140974,"[2, 8.245195570486995, 13.49039114097399]","[2.360338006719148, 4.720676013438296]",
traveler (traveler.659),659,367.5,0.8879659658053065,,,,1.821674459886929,1.821674459886929,SAV (sav.3),1,5.7906078039279745,1,False,,,,,1.821674459886929,1.9269746793911622,376.08121560785594,"[2, 5.7906078039279745, 8.581215607855949]","[1.2557735117675886, 2.511547023535177]",
