traveler,traveler ID,requested time,distance,mode choice,waiting time,devFact_offer,x_coord_desti,y_coord_desti,vehicle,drop_in_sequence,inVehTime,devFact,walking time,interest,utility choice,utility interest,value tt,x_coord_stoploc,y_coord_stoploc,return time,route time,route distance,stoch parts
traveler (traveler.0),0,30,2.1268960868149387,2,,,4.328863955261483,1.4142083085351864,,,,,,2,,,,,,,,,"[0.3465309314873292, -0.6754726250979075, 1.1887046458207187, -0.8443853499301092]"
traveler (traveler.1),1,30,0.8079863090252872,0,0,1.161580508858678,3.2520826412440957,2.2046805520938184,SAV (sav.2),,,,1.3815169709346473,0,1.1832254241625075,0.7244649869957354,normal,,,,,,"[2.650937855760329, 0.7106678492952263, 1.2298265197907883, 0.9894662283878792]"
traveler (traveler.2),2,30,0.766192472487771,2,,,2.113087855581245,3.1613243511305207,,,,,,2,,,,,,,,,"[-0.5336418286093807, 0.6006178974812625, 1.1833951725146379, 0.8813795936802692]"
traveler (traveler.3),3,30,0.6408901987683732,4,,,3.0293476534642023,2.13870883120493,,,,,,4,,,,,,,,,"[-1.0751829171218674, 2.744346091312532, -1.2524145992041589, 2.047381918687306]"
traveler (traveler.4),4,30,0.7975509167893999,3,,,3.2583554156057994,2.7469504575678436,,,,,,3,,,,,,,,,"[2.5364928859664695, 0.5812237404273742, 0.5102418775616305, 2.9852839988335225]"
traveler (traveler.5),5,30,0.8277028150823843,1,,,3.0415249070222066,3.1259734220954547,,,,,,1,,,,,,,,,"[-1.4944742858994156, 3.51328029126591, 2.094545754093205, -1.1943584059745957]"
traveler (traveler.6),6,37.5,1.5345385281052544,1,,,4.032863232174327,2.4283145364281085,,,,,,1,,,,,,,,,"[-0.8203489520619508, 4.990093920970353, 0.02940446594134412, 1.7855314452547963]"
traveler (traveler.7),7,37.5,1.5377270707173814,1,,,3.725334017886151,1.570935368971544,,,,,,1,,,,,,,,,"[-1.762448558215871, -0.5981716593470422, -0.7496406822769928, 0.1965192505138544]"
traveler (traveler.8),8,37.5,0.8562303580723991,1,,,2.658788965427,3.341377733567636,,,,,,1,,,,,,,,,"[-0.448861540630539, 0.2580628226993516, 0.20046692651202722, -0.4374223595182996]"
traveler (traveler.9),9,37.5,0.2051899215113603,4,,,2.3366023799660725,2.624113341978558,,,,,,4,,,,,,,,,"[0.8385505458135191, 0.7638053867809244, 0.5057910161987182, -0.3810803109307974]"
traveler (traveler.10),10,37.5,0.474544619755423,4,,,2.152117136257547,2.8227539453719643,,,,,,4,,,,,,,,,"[0.28793278854680765, -0.6784762579889654, -0.43089113579606353, 1.888115207335199]"
traveler (traveler.11),11,37.5,0.7162235382802383,1,,,2.978522081145818,1.9670902753349877,,,,,,1,,,,,,,,,"[-1.2136682008007895, 0.6597070978108056, -0.2490677124089204, 0.3145485088844623]"
traveler (traveler.12),12,37.5,0.6870055260305692,4,,,2.47081556074867,1.8136146408160176,,,,,,4,,,,,,,,,"[-1.6636166326189215, -0.7929410662802243, 4.088303707610858, 0.9856140718575739]"
traveler (traveler.13),13,37.5,0.5878763046963005,4,,,2.826866671448977,2.0113726074816887,,,,,,4,,,,,,,,,"[0.4628446464101278, 1.224925069034594, -1.5360829511455607, 3.046353817025504]"
traveler (traveler.1),1,30,0.8079863090252872,,,,3.2520826412440957,2.2046805520938184,SAV (sav.2),1,5.810913475705226,1,1.3815169709346473,,,,,3.3,2.1,38.621826951410455,"[2, 5.810913475705226, 8.621826951410451]","[1.2649110640673515, 2.529822128134703]",
traveler (traveler.14),14,45.0,2.556124498369335,0,0.0,1.161580508858678,0.03280060636976223,3.1683558956382987,SAV (sav.2),,,,1.7736441963694727,0,-1.5958935004099595,-2.0170410941130235,normal,,,,,,"[0.9877366636621446, 0.6174003916963421, 1.5742854990430781, -0.4691479992093225]"
traveler (traveler.15),15,45.0,1.263681762671024,2,,,2.0971524130955457,1.3022498511656933,,,,,,2,,,,,,,,,"[-0.7770621062628847, 0.05040071083973935, 1.2546266352873683, -0.5769498020832211]"
traveler (traveler.16),16,45.0,2.479361435337676,2,,,4.014159909721558,4.463301529269436,,,,,,2,,,,,,,,,"[3.118965357478799, -0.7380052631881008, 4.950111107573135, -0.4558199559487149]"
traveler (traveler.17),17,45.0,2.2164116146892794,1,,,4.351499247234552,1.2816277320870173,,,,,,1,,,,,,,,,"[-1.39239206578449, 0.37275321031113423, -1.0013529530967833, -1.1424558440055923]"
traveler (traveler.18),18,45.0,2.589814073520633,2,,,0.10643114672357956,3.4889211697757,,,,,,2,,,,,,,,,"[-1.7937301211960954, -0.30475546974084433, 1.5680840003536465, 0.18842116702161826]"
traveler (traveler.19),19,45.0,0.6756819433542532,4,,,1.839603518161889,2.6429075762541157,,,,,,4,,,,,,,,,"[3.0993509985185774, 0.17515243985523768, -0.44258017524850096, 1.9078441992935133]"
traveler (traveler.20),20,45.0,0.6206950160620465,4,,,1.9530129720749498,2.206627379863109,,,,,,4,,,,,,,,,"[1.2735741685447368, -1.333906710429679, 0.22683634481776088, -0.6890320703767965]"
traveler (traveler.21),21,45.0,0.8852769545334289,1,,,1.6739538271359307,2.8183755746356915,,,,,,1,,,,,,,,,"[1.3172849688045767, 2.8976243760899045, 0.7983679920530586, -0.1883212032417655]"
traveler (traveler.22),22,45.0,0.9949280548515791,1,,,1.5050720015247288,2.4996650660701834,,,,,,1,,,,,,,,,"[-0.4048084486773502, 2.043716913162214, 0.3570265765559278, 1.274749738619226]"
traveler (traveler.23),23,45.0,0.49495655771448294,4,,,2.2342814040582666,2.9175830717298346,,,,,,4,,,,,,,,,"[-3.3381863226301003, -0.4592466544040881, 1.4742778522079487, 0.2935414649362015]"
traveler (traveler.24),24,45.0,0.8757437710742659,3,,,2.5300969414266357,3.3752264430946646,,,,,,3,,,,,,,,,"[-1.4471314087505283, -0.825016343146982, 0.4377767079131417, 0.9018912323602796]"
traveler (traveler.25),25,45.0,0.5000271935047546,4,,,2.007705223543918,2.5875959320876127,,,,,,4,,,,,,,,,"[1.2773956296878868, 1.0580568406563833, 0.7480966046571997, -0.2812043214389371]"
traveler (traveler.26),26,45.0,0.7085777692842822,0,0.0,1.161580508858678,1.936568214186008,2.070317468520833,SAV (sav.2),,,,1.9932647053686,0,-0.2729390547671544,-0.6730206492470219,normal,,,,,,"[1.1921340039065111, 0.42005833796085845, 0.26193403896500445, -0.5231662043631106]"
traveler (traveler.27),27,45.0,0.08204553585264898,4,,,2.4401888750114207,2.556161368225399,,,,,,4,,,,,,,,,"[-0.5313434681512665, 4.841802511939401, 0.7786095665530103, 0.6520991649614635]"
traveler (traveler.28),28,45.0,0.6272206097751278,4,,,2.2576406295290226,1.9214953510371808,,,,,,4,,,,,,,,,"[-1.5564505519671807, 1.5826740418600707, 1.0768546486605406, 0.13651501054369727]"
traveler (traveler.29),29,52.5,2.165129414685778,0,0.0,1.161580508858678,2.3830460759551997,0.33803164639532646,SAV (sav.1),,,,2.3973575829065448,0,-0.24046885165852983,-0.6017898573249569,normal,,,,,,"[2.1618102218862068, 0.09128106971194874, 1.1159579749821014, 0.456716270171498]"
traveler (traveler.30),30,52.5,1.758813667945788,1,,,0.7504217471187236,2.6800040432818575,,,,,,1,,,,,,,,,"[-0.7294467842147454, -0.16087541714364623, -0.47141389599376166, -1.133329029429632]"
traveler (traveler.31),31,52.5,2.586375116186484,1,,,4.616286628591395,3.9868312437105686,,,,,,1,,,,,,,,,"[-1.5944398567977074, 2.23521070359978, 2.3745982755077013, -0.5079774315094129]"
traveler (traveler.32),32,52.5,0.4509647876557216,4,,,2.20538232640727,2.158576998267285,,,,,,4,,,,,,,,,"[2.0615226052142113, 1.132784885651617, 2.3041262422332687, 0.8939416081609703]"
traveler (traveler.33),33,52.5,0.7397752184210855,0,0.0,1.161580508858678,1.7609424543450192,2.532577875934455,SAV (sav.1),,,,0.8292426103664425,0,1.0216135271412827,0.5098789333088085,normal,,,,,,"[2.3942771234629814, 1.72978535805698, -0.7881623242972663, 0.7636633610477507]"
traveler (traveler.34),34,52.5,0.9953523141079562,3,,,2.7478787500817354,3.46399292241073,,,,,,3,,,,,,,,,"[-1.3631567149944521, -0.19623764928623966, 0.8892368787795372, 3.0758523597536924]"
traveler (traveler.35),35,52.5,0.7290916560203297,3,,,2.3755749504372123,1.7816038349769923,,,,,,3,,,,,,,,,"[-0.5118438549998067, -1.689532810682524, 1.0701297626580786, 1.8443075882092081]"
traveler (traveler.36),36,52.5,0.5680313292024619,4,,,2.629504307552927,3.053071627622275,,,,,,4,,,,,,,,,"[3.261351267079739, 1.415592308886856, 5.304159114869717, 0.4262874318967282]"
traveler (traveler.37),37,52.5,0.7868955468919643,2,,,3.285079098015959,2.4465639487157613,,,,,,2,,,,,,,,,"[-0.7728538463432968, -0.9033310424238797, 0.35064227522120867, -0.389989832039047]"
traveler (traveler.38),38,52.5,0.9794732002048199,0,0.0,1.161580508858678,2.7134452946561094,3.4559334998359654,SAV (sav.0),,,,3.1720462837413654,0,0.440198620854541,0.15318575537218893,normal,,,,,,"[2.185436962649884, 1.4702656999514334, 0.11526154705806918, 1.5746740424151218]"
traveler (traveler.39),39,52.5,0.46094862197471426,4,,,2.8624649891404657,2.784767912075413,,,,,,4,,,,,,,,,"[5.3134304573656035, 1.1221077623880416, 3.0476787919010437, -0.7343038176810327]"
traveler (traveler.38),38,52.5,0.9794732002048199,,,,2.7134452946561094,3.4559334998359654,SAV (sav.0),1,5.810913475705226,1,3.1720462837413654,,,,,2.5,3.3,61.121826951410455,"[2, 5.810913475705226, 8.621826951410451]","[1.1313708498984758, 2.2627416997969516]",
traveler (traveler.40),40,60.0,2.6552197886636812,0,1.1218269514104549,1.161580508858678,4.945493446728285,1.4657109068929453,SAV (sav.0),,,,2.0621069816147393,0,-0.3003371139467479,-0.5458576006675608,normal,,,,,,"[2.5200451509173996, 0.46960715514755436, 1.9554732026198862, 0.9767723760160198]"
traveler (traveler.41),41,60.0,1.883490641530989,0,1.1218269514104549,1.161580508858678,4.350796511647684,2.849412749062741,SAV (sav.0),,,,3.0701703976380914,0,-0.7548897462386543,-0.9037167900945069,normal,,,,,,"[1.686159914226196, -0.8883267665977177, 0.046182921678758045, -0.4300085485253958]"
traveler (traveler.42),42,60.0,2.890724736533238,0,1.1218269514104549,1.161580508858678,4.342536994203111,0.2725918812669009,SAV (sav.0),,,,3.319232335207322,0,-1.1276023784012839,-1.2525394012054958,normal,,,,,,"[1.9586299764516346, -1.1706765414424032, -0.7629865571896612, 1.246307690080673]"
traveler (traveler.43),43,60.0,2.3232592015860347,1,,,0.910147171015997,0.8059216960465665,,,,,,1,,,,,,,,,"[-0.11582490509064629, 0.43905533001795966, 0.7184184136705956, 1.2999655184676646]"
traveler (traveler.44),44,60.0,0.4937878031502899,4,,,2.5781214401201042,2.987568902959931,,,,,,4,,,,,,,,,"[-0.27330165398107725, 0.18714971300850097, -0.25981341971940036, -1.383396810862999]"
traveler (traveler.45),45,60.0,0.8981689887218486,2,,,3.1689248980773126,1.900627817600879,,,,,,2,,,,,,,,,"[-1.3880006138769707, -1.670826907362387, 1.421176566692404, 0.2401766001053861]"
traveler (traveler.26),26,45.0,0.7085777692842822,,,,1.936568214186008,2.070317468520833,SAV (sav.2),1,4.777777777777778,1.0,1.9932647053686,,,,,2.1,2.1,,,,
traveler (traveler.14),14,45.0,2.556124498369335,,,,0.03280060636976223,3.1683558956382987,SAV (sav.2),2,12.54735387187903,1.1785413513570961,1.7736441963694727,,,,,0.09999999999999964,3.3,66.19386522036137,"[2.0, 4.777777777777778, 12.54735387187903, 21.193865220361367]","[0.7999999999999999, 4.098484500494129, 7.676193264493793]",
traveler (traveler.46),46,60.0,0.78888810114366,0,6.193865220361374,1.161580508858678,3.2734697700750353,2.6552061561476274,SAV (sav.2),,,,1.889487702225929,0,12.43116844359952,12.838041442891669,normal,,,,,,"[14.752733955243006, -1.466938656216572, -0.21038733307292437, -0.7482405021723209]"
traveler (traveler.47),47,60.0,0.9412486083846958,1,,,2.856811720373825,3.3709961762200784,,,,,,1,,,,,,,,,"[0.41964994753767015, 0.48273737489600815, 0.537430106283231, -0.15456488263884138]"
traveler (traveler.48),48,60.0,0.27829533066159784,4,,,2.525930259180653,2.77708466707285,,,,,,4,,,,,,,,,"[-0.18578478283228672, 0.14697294124113514, 0.05072876702253652, 0.5408657510365668]"
traveler (traveler.49),49,60.0,0.9397506499054857,0,6.193865220361374,1.161580508858678,2.9007301831738808,3.3500274138468775,SAV (sav.2),,,,0.6003929077937908,0,-1.1726485674623919,-0.8894255408521734,normal,,,,,,"[1.1183235873262642, 0.38765229633729104, -0.5482467285321362, 0.7583950167075925]"
traveler (traveler.50),50,60.0,0.8246074634810933,3,,,3.1651975679781703,2.9873291130074726,,,,,,3,,,,,,,,,"[4.796613365715154, -0.08231715945212853, 1.1505120597366372, 6.589906573958411]"
traveler (traveler.51),51,67.5,1.811810436904421,1,,,1.7238067081289055,0.86287415482801,,,,,,1,,,,,,,,,"[1.0528398213803698, 3.755163690925357, -0.9533306925597161, -1.61918403024471]"
traveler (traveler.33),33,52.5,0.7397752184210855,,,,1.7609424543450192,2.532577875934455,SAV (sav.1),1,5.514157444218836,1.0,0.8292426103664425,,,,,1.7,2.5,,,,
traveler (traveler.29),29,52.5,2.165129414685778,,,,2.3830460759551997,0.33803164639532646,SAV (sav.1),2,14.46462136421809,1.3720331349044452,2.3973575829065448,,,,,2.5,0.5,75.50709369687459,"[2.0, 5.514157444218836, 14.46462136421809, 23.0070936968746]","[1.1313708498984762, 4.1776800922440405, 7.00610721699023]",
traveler (traveler.52),52,67.5,2.648265635148273,0,8.007093696874591,1.161580508858678,1.6128892193827882,0.004735417391573127,SAV (sav.1),,,,1.5490521447320202,0,2.9492853434893056,3.562650467873968,normal,,,,,,"[6.624263685725094, -0.3443549263373931, -0.7592678787552045, -1.0022684084818003]"
traveler (traveler.53),53,67.5,0.7133740335491148,2,8.007093696874591,1.161580508858678,2.8927152704970416,3.0955478385995274,,,,,5.312978418696623,0,-0.9574712332480532,-0.5562380999761001,normal,,,,,,"[1.3118750350853743, -1.0372143093946111, 0.8378902410896379, 0.8651156550315773]"
traveler (traveler.54),54,67.5,0.9733218305461737,3,,,2.9087627443061104,1.6166719722067615,,,,,,3,,,,,,,,,"[-2.0233047952166006, -0.19889868880538414, 0.8957256000917277, 1.3562547575692674]"
traveler (traveler.55),55,67.5,0.4835353979049689,4,,,2.904231607429656,2.234663819689148,,,,,,4,,,,,,,,,"[3.467742388099829, 2.186218508097909, -1.0179925740374982, 1.1534624348836289]"
traveler (traveler.56),56,67.5,0.9574513527399394,0,8.007093696874591,1.161580508858678,1.6895871227157393,3.009847095897766,SAV (sav.1),,,,5.829170102858896,0,2.253478688844339,3.277392727772531,normal,,,,,,"[5.296060188678702, 0.22403325334138616, 0.5374143096086511, -0.18282936796646213]"
traveler (traveler.57),57,67.5,0.7277536376115242,3,,,1.943021345088379,2.0315983187160325,,,,,,3,,,,,,,,,"[-3.044276773527907, -0.39433519728973043, -0.2871871307660977, 0.5869388019622792]"
traveler (traveler.58),58,67.5,0.350416262174798,4,,,2.783370584932153,2.293862501247914,,,,,,4,,,,,,,,,"[-1.5909959819281903, 0.0903474078277245, 0.6670397252288348, 1.343413736699169]"
traveler (traveler.59),59,75.0,1.0764806592051381,1,4.329849615990668,1.161580508858678,2.03081222104629,1.531148392310147,,,,,2.189722640277383,0,-0.685382660595971,-0.6703955654467131,normal,,,,,,"[1.4216927976966671, 1.1120022062798118, 1.1194073985530166, 0.3936173746372962]"
traveler (traveler.46),46,60.0,0.78888810114366,,,,3.2734697700750353,2.6552061561476274,SAV (sav.2),1,5.514157444218835,1.0,1.889487702225929,,,,,3.3,2.5,,,,
traveler (traveler.49),49,60.0,0.9397506499054857,,,,2.9007301831738808,3.3500274138468775,SAV (sav.2),2,9.32507091992406,1.6047512940798605,0.6003929077937908,,,,,2.9,3.3,79.32984961599067,"[2.0, 5.514157444218835, 9.32507091992406, 13.135984395629286]","[1.1313708498984758, 2.3962819139658276, 3.661192978033179]",
traveler (traveler.60),60,75.0,3.077508583036649,0,4.329849615990668,1.161580508858678,0.37205143207418356,0.27673798869168154,SAV (sav.2),,,,3.0879141323536237,0,1.7233282413956887,1.999309285805234,normal,,,,,,"[5.3256926300129175, 1.5935457354076294, -0.3477211225008148, 1.2978503849047374]"
traveler (traveler.61),61,75.0,3.0874208359620274,0,4.329849615990668,1.161580508858678,0.5941526121196122,0.07102631705447116,SAV (sav.2),,,,1.1821180858196356,0,1.084713172832354,1.1778902604583594,normal,,,,,,"[4.510387784229018, 0.17125271571243597, 1.2035660105137864, 1.070499766982159]"
traveler (traveler.62),62,75.0,1.126674825285108,0,4.329849615990668,1.161580508858678,2.922689611278541,1.4556199664641112,SAV (sav.2),,,,2.9451730631900355,0,-1.7346689087310243,-1.4723795876756505,normal,,,,,,"[0.6506700661790487, -0.7529496447316765, 0.047610119177714384, 0.4531206859025184]"
traveler (traveler.63),63,75.0,0.6533924669163953,4,,,2.67001834006764,3.1308846803210053,,,,,,4,,,,,,,,,"[0.22348001004569604, -0.3141252019512616, 1.5557353576257933, 0.4463662671513694]"
traveler (traveler.64),64,75.0,0.5778345167391743,4,,,2.006883566323009,2.1987875972459285,,,,,,4,,,,,,,,,"[0.9587253849601932, -1.5074930121433727, -0.5667482400757836, -0.18379743542212787]"
traveler (traveler.65),65,75.0,0.8688551098569953,2,,,3.3462729218468006,2.6968028040285255,,,,,,2,,,,,,,,,"[-2.170447879792187, -1.0059267047438762, 0.5886242831798368, -1.06398413295259]"
traveler (traveler.66),66,75.0,0.376324642579464,4,,,2.872555301552344,2.553129877637759,,,,,,4,,,,,,,,,"[-0.7267987555186104, 0.5074622059572539, -0.6027020363394726, -0.0179674870545852]"
traveler (traveler.67),67,75.0,0.9002818127968267,3,,,1.7545001853067232,1.995284863764687,,,,,,3,,,,,,,,,"[-0.40973201610809706, -0.3591663474528509, 0.09771175607065845, 1.283696077789826]"
traveler (traveler.68),68,75.0,0.8747262851961182,2,,,2.7219733359482836,3.3460933235411985,,,,,,2,,,,,,,,,"[0.6712274149344046, 0.6028745399952333, 1.4661961307707836, -0.12626168096819346]"
traveler (traveler.69),69,82.5,1.6136396332199192,1,,,0.8868176990346316,2.461584771897133,,,,,,1,,,,,,,,,"[-0.6325020681360257, 1.4706469571250438, 0.299804374118498, 0.49228697318493364]"
traveler (traveler.70),70,82.5,1.5626382927004723,3,,,1.1540766235780597,3.293932426982808,,,,,,3,,,,,,,,,"[1.1168435022152652, 1.230721057657771, 1.7926462314561817, 2.301895193022968]"
traveler (traveler.41),41,60.0,1.883490641530989,,,,4.350796511647684,2.849412749062741,SAV (sav.0),1,8.183068350973599,1.0,3.0701703976380914,,,,,4.1,2.9,,,,
traveler (traveler.40),40,60.0,2.6552197886636812,,,,4.945493446728285,1.4657109068929453,SAV (sav.0),2,15.468461961520692,1.2302307674157413,2.0621069816147393,,,,,4.9,1.2999999999999998,,,,
traveler (traveler.42),42,60.0,2.890724736533238,,,,4.342536994203111,0.2725918812669009,SAV (sav.0),3,20.02401751707625,1.6842631556419272,3.319232335207322,,,,,4.5,0.5,91.03473335737559,"[2.0, 8.183068350973599, 15.468461961520692, 20.02401751707625, 29.91290640596514]","[2.33238075793812, 4.862202886072824, 6.127113950140176, 10.127113950140178]",
traveler (traveler.71),71,82.5,0.7635249797398541,0,8.534733357375586,1.161580508858678,1.9430052925853127,3.0222329849777507,SAV (sav.0),,,,2.38761526869016,0,3.44093732268442,4.204327816742623,normal,,,,,,"[6.1033755831711245, 4.439623624280471, 0.028263355725118993, 0.8233965969330738]"
traveler (traveler.72),72,82.5,0.7931256323211938,2,,,1.7737009646158641,2.818650246892996,,,,,,2,,,,,,,,,"[1.0524989556301372, -0.8179218714392773, 1.4021907928370199, 0.10796388189507183]"
traveler (traveler.73),73,82.5,0.34349392689267466,4,,,2.681029364528685,2.208081437742492,,,,,,4,,,,,,,,,"[-1.4757714200330792, -0.5234048378911051, 1.6095497682815056, -1.1256576749774507]"
traveler (traveler.74),74,82.5,0.8965193397998014,3,,,1.6088192661204719,2.4023074916023877,,,,,,3,,,,,,,,,"[-1.292028677297626, -0.24091672087166693, -0.5176873841674542, 0.29816240248518167]"
traveler (traveler.75),75,82.5,0.7797692655842825,1,,,1.8144829271516079,2.8716267621999574,,,,,,1,,,,,,,,,"[0.4263326404826958, 0.5462930938108199, -0.3882809654844795, 0.5812320112797694]"
traveler (traveler.76),76,82.5,0.7356456604202565,2,,,2.8846924036947588,3.1270456859230467,,,,,,2,,,,,,,,,"[1.2778778063540999, 1.7816907170589982, 2.373298596377322, 0.8130240386094617]"
traveler (traveler.77),77,82.5,0.25688122675834185,4,,,2.736160947242144,2.3989259100532494,,,,,,4,,,,,,,,,"[-1.6557902348165874, 1.043645996703449, 0.8824273530761235, 1.7011842183387784]"
traveler (traveler.78),78,90.0,1.6606017853918797,0,1.0347333573755861,1.161580508858678,1.7297883530590308,3.971180583260661,SAV (sav.0),,,,1.586624557799586,0,2.648909880985054,2.346294346054633,normal,,,,,,"[4.798686414008596, 0.9206001970411943, -1.3041801680323215, -0.33366928511099686]"
traveler (traveler.79),79,90.0,1.31214029423855,3,,,2.488319547922006,3.812088304499237,,,,,,3,,,,,,,,,"[-0.1115580238819835, -0.09230322650557958, 0.11853978065315285, 0.9949120385440962]"
traveler (traveler.80),80,90.0,1.6808780037938442,0,1.0347333573755861,1.161580508858678,1.4820311052197843,3.837568761932606,SAV (sav.0),,,,3.0930125901131618,0,-0.18640429370529032,-0.3445270885761933,normal,,,,,,"[2.120371968565901, 0.2348286465783179, -0.9705342717470338, -0.19272140080017963]"
traveler (traveler.81),81,90.0,1.8163615661780153,0,1.0347333573755861,1.161580508858678,1.2312633404525597,3.799798687416269,SAV (sav.0),,,,1.4541557406647039,0,2.308880930745734,1.9935589868757346,normal,,,,,,"[4.542028432554583, 2.129939564326566, -1.3273500538664307, -0.4108796225518024]"
traveler (traveler.82),82,90.0,1.9082568633113977,1,,,0.5964757276876403,2.6343115821243828,,,,,,1,,,,,,,,,"[0.7669687954561788, 2.8155912061246897, -0.7394748290829956, 2.6036801487399126]"
traveler (traveler.83),83,90.0,2.9362640501531945,3,,,0.02340873329660209,0.9226153703327455,,,,,,3,,,,,,,,,"[-1.4340838744671083, -0.3753124516985814, -0.14672751151817873, 2.584507794279938]"
traveler (traveler.84),84,90.0,2.573253728641045,1,15.574558700826145,1.161580508858678,0.020474802654280033,1.811821572778753,,,,,1.6465959570668527,0,-0.13782833931480631,0.9539832114563818,normal,,,,,,"[3.9693268002737194, 2.5824624812826817, -0.19165641449407114, 0.4787338792927568]"
traveler (traveler.56),56,67.5,0.9574513527399394,,,,1.6895871227157393,3.009847095897766,SAV (sav.1),1,7.532461789860253,1.0,5.829170102858896,,,,,1.2999999999999998,3.3,,,,
traveler (traveler.52),52,67.5,2.648265635148273,,,,1.6128892193827882,0.004735417391573127,SAV (sav.1),2,19.915793767518654,1.6389345448885688,1.5490521447320202,,,,,1.7,0.09999999999999964,105.57455870082615,"[2.0, 7.532461789860253, 19.915793767518654, 30.067465003951547]","[2.039607805437114, 6.600309505833666, 10.17801826983333]",
traveler (traveler.85),85,90.0,2.406535466953554,0,15.574558700826145,1.161580508858678,3.098310890021767,4.830973408811589,SAV (sav.1),,,,2.519767971955695,0,4.3361988744162066,6.040748020319334,normal,,,,,,"[8.953254706561811, 0.1850071419878775, -0.33500187469324383, 2.641586738002491]"
traveler (traveler.86),86,90.0,0.21602577003224593,4,,,2.6981659810610683,2.4139919929999007,,,,,,4,,,,,,,,,"[0.8019788372285033, 1.449202578268745, -0.05960207696758527, 0.704656423015629]"
traveler (traveler.87),87,90.0,0.8240485381307904,0,15.574558700826145,1.161580508858678,3.068391579465384,3.0966464661659687,SAV (sav.1),,,,3.1682814365361356,0,3.308365298988985,5.075119856414668,normal,,,,,,"[7.011500397397882, -1.0248511918224017, -0.1814038639732984, -1.2850325108071212]"
traveler (traveler.88),88,90.0,0.8286043980424697,3,,,3.018521701803272,3.146312999416198,,,,,,3,,,,,,,,,"[-0.22736388644427935, -0.3948903554137469, -0.0871081982199072, 2.715747649283419]"
traveler (traveler.89),89,90.0,0.8458331732393825,2,15.574558700826145,1.161580508858678,3.305050828370418,2.7594743160551864,,,,,1.6873970887184333,0,-1.986298989395077,-1.8386854345260724,normal,,,,,,"[0.11113253302106778, -0.4053015596350209, -0.033623754068689886, -0.677592613019764]"
traveler (traveler.62),62,75.0,1.126674825285108,,,,2.922689611278541,1.4556199664641112,SAV (sav.2),1,5.810913475705226,1.0,2.9451730631900355,,,,,2.9,1.7,,,,
traveler (traveler.61),61,75.0,3.0874208359620274,,,,0.5941526121196122,0.07102631705447116,SAV (sav.2),2,15.875837055425732,1.2385485124863858,1.1821180858196356,,,,,0.5,0.09999999999999964,,,,
traveler (traveler.60),60,75.0,3.077508583036649,,,,0.37205143207418356,0.27673798869168154,SAV (sav.2),3,15.875837055425732,1.2385485124863858,3.0879141323536237,,,,,0.5,0.5,106.02378535336064,"[2.0, 5.810913475705226, 15.875837055425732, 15.875837055425732, 26.69393573736997]","[1.2649110640673518, 5.34412667494158, 5.909812099890819, 9.90981209989082]",
traveler (traveler.90),90,90.0,0.930619481998236,0,16.023785353360637,1.161580508858678,2.1614960687554348,1.6331276283058507,SAV (sav.2),,,,1.090197230709104,0,0.580655540371692,2.2073287639772206,normal,,,,,,"[4.209445509626186, 1.8485469713117688, -0.6023207127661779, -0.3038052420317875]"
traveler (traveler.91),91,90.0,0.6817738149521574,4,,,2.5452930747419487,3.1802676474262457,,,,,,4,,,,,,,,,"[3.5843640993913897, 0.3927536959825458, 0.48474649253576896, 1.6423550624650436]"
traveler (traveler.92),92,90.0,0.5030434646118923,4,,,2.35740391354691,2.9824096634780433,,,,,,4,,,,,,,,,"[-0.8154545960135842, 1.90564647569624, -0.16565067996078667, 0.23567604577392398]"
traveler (traveler.93),93,90.0,0.9214912187662081,2,,,1.853536483031793,1.8433181992073113,,,,,,2,,,,,,,,,"[0.0943946770104966, 3.0946567243637224, 4.244268692377161, -0.06651641307789104]"
traveler (traveler.94),94,90.0,0.9144807863346109,3,,,3.0895091449470975,3.199109488276987,,,,,,3,,,,,,,,,"[0.4711089845695048, -0.33254165409211495, 1.4611291842210707, 2.264394006626169]"
traveler (traveler.95),95,90.0,0.567417355400039,4,,,2.890473959386794,2.0883052802743585,,,,,,4,,,,,,,,,"[2.39740845698408, -0.5110741980454866, -0.5432151723218706, 0.9680667386475825]"
traveler (traveler.96),96,90.0,0.22873576492407122,4,,,2.7284606193529113,2.5112158619946987,,,,,,4,,,,,,,,,"[3.5332475241505237, -0.8238542563961925, -0.6203001857393297, 1.1847347265505932]"
traveler (traveler.97),97,90.0,0.553335174253724,4,,,2.3984357253404744,1.9560657087668736,,,,,,4,,,,,,,,,"[-0.8416602425083268, 1.364507527965633, -0.3450054207947351, -0.06624822990744286]"
traveler (traveler.98),98,90.0,0.943346413834621,1,,,2.6646953634754524,3.428858381963757,,,,,,1,,,,,,,,,"[-1.2463209381931586, 2.292651025649601, 1.5027571258534147, 0.5582842781628017]"
traveler (traveler.99),99,90.0,0.7557699999097014,0,16.023785353360637,1.161580508858678,2.2903915179271177,3.226121599325218,SAV (sav.2),,,,4.5315569930085084,0,1.4777491258656097,3.434517577870897,normal,,,,,,"[5.3287818364989255, -0.20281404841731993, -0.5127712385368034, -0.21736162035151663]"
traveler (traveler.100),100,90.0,0.8907841635356957,1,,,2.5051492482304996,3.3907692805932688,,,,,,1,,,,,,,,,"[-0.19006618455301222, 1.096253649779759, 1.0527017853124123, 0.979925043401597]"
traveler (traveler.101),101,90.0,0.09326689445725142,4,,,2.5909762104950356,2.4794563215157788,,,,,,4,,,,,,,,,"[5.841196359682103, -0.588058803266337, 0.2743973792727046, -0.3427136595370865]"
traveler (traveler.102),102,90.0,0.8652525150326051,2,,,2.9354414294373004,3.2476982521711877,,,,,,2,,,,,,,,,"[-0.09502457109658621, -0.5925126750509538, 1.770311551182708, -0.34712049118580335]"
traveler (traveler.103),103,90.0,0.7931791797457473,1,,,2.401616380934996,1.712946078923554,,,,,,1,,,,,,,,,"[0.24595273811882512, 0.051075563034979184, -0.0031919425837682756, -1.123072256079106]"
traveler (traveler.104),104,90.0,0.6655804600342767,4,,,3.117890550010858,2.252596247023779,,,,,,4,,,,,,,,,"[-1.4037353905157517, 1.3282901525718815, 1.6408202124397564, 2.240054035428004]"
traveler (traveler.105),105,90.0,0.5776776619646566,4,,,2.14380758757245,2.9547949499081914,,,,,,4,,,,,,,,,"[4.0594969762263515, -1.2869289283066792, 2.235122094887544, 2.488602264052117]"
traveler (traveler.106),106,90.0,0.750569532793653,1,,,2.3029771762005398,3.2242490113629216,,,,,,1,,,,,,,,,"[3.179553062384927, 3.0516078417559305, -0.2499764168759311, 0.20107750057512014]"
traveler (traveler.107),107,90.0,0.7009554333078347,1,,,3.1745401844841004,2.6906149495709353,,,,,,1,,,,,,,,,"[-1.2502331858200162, 2.050380702397401, -1.0139383424246278, -0.24138828049265376]"
traveler (traveler.71),71,82.5,0.7635249797398541,,,,1.9430052925853127,3.0222329849777507,SAV (sav.0),1,4.777777777777778,1.0,2.38761526869016,,,,,2.1,2.9,,,,
traveler (traveler.80),80,90.0,1.6808780037938442,,,,1.4820311052197843,3.837568761932606,SAV (sav.0),2,8.588691253483004,1.1402236736261422,3.0930125901131618,,,,,1.7,3.7,,,,
traveler (traveler.78),78,90.0,1.6606017853918797,,,,1.7297883530590308,3.971180583260661,SAV (sav.0),3,10.84576997559242,1.2579433612754374,1.586624557799586,,,,,1.7,4.1,,,,
traveler (traveler.81),81,90.0,1.8163615661780153,,,,1.2312633404525597,3.799798687416269,SAV (sav.0),4,13.623547753370197,1.6348257304044236,1.4541557406647039,,,,,1.2999999999999998,3.7,110.99161444407912,"[2.0, 4.777777777777778, 8.588691253483004, 10.84576997559242, 13.623547753370197, 19.956881086703532]","[0.7999999999999999, 2.0649110640673523, 2.6305964890165896, 3.4305964890165894, 5.83059648901659]",
traveler (traveler.108),108,97.5,1.6424160784106894,0,13.491614444079119,1.161580508858678,4.003097097464046,1.8380108080813495,SAV (sav.0),,,,2.023598383096554,0,0.7495753573002997,2.1318123982176926,normal,,,,,,"[4.572986968111454, -0.8307745770181247, -0.6395815236926058, 0.2315428006010003]"
traveler (traveler.109),109,97.5,1.1740573875262652,1,13.491614444079119,1.161580508858678,3.263729723812532,1.6083006907201103,,,,,4.501329008662835,0,-1.3975601358030219,0.21982168732099394,normal,,,,,,"[2.3720983489888794, 0.45999026007054883, 0.0871324031753329, 0.5328353060927273]"
traveler (traveler.110),110,97.5,3.040522756719599,1,,,4.436931364511862,0.15626888843878584,,,,,,1,,,,,,,,,"[0.8060478132217785, 1.9664837565319122, -0.021873361603439105, 0.08619703426298296]"
traveler (traveler.111),111,97.5,2.8991563831370097,0,13.491614444079119,1.161580508858678,4.326829623461428,4.751177749696333,SAV (sav.0),,,,3.2555126475218223,0,-0.10569026003369686,1.3947119971273683,normal,,,,,,"[4.611082271264352, -0.5629862736659079, -0.015190048697597847, 2.114986971140246]"
traveler (traveler.112),112,97.5,2.4954344870720595,0,8.523785353360637,1.161580508858678,4.388947917647993,0.8693347849169331,SAV (sav.2),,,,1.3824979345938662,0,-0.2442550820025846,0.4212806251195702,normal,,,,,,"[3.388622935116714, -0.13024322116102774, -1.1136783426956858, 0.24153005364995223]"
traveler (traveler.113),113,97.5,1.6255576410006176,1,,,3.9685461974665204,1.802999490586903,,,,,,1,,,,,,,,,"[-0.9985819834844358, -0.39196901194659195, -1.0757588699033764, 0.39194885776582605]"
traveler (traveler.87),87,90.0,0.8240485381307904,,,,3.068391579465384,3.0966464661659687,SAV (sav.1),1,5.810913475705226,1.0,3.1682814365361356,,,,,2.9,3.3,,,,
traveler (traveler.85),85,90.0,2.406535466953554,,,,3.098310890021767,4.830973408811589,SAV (sav.1),2,10.786145435704853,1.1040546009173717,2.519767971955695,,,,,2.9,4.9,124.13028023063225,"[2.0, 5.810913475705226, 10.786145435704853, 18.555721529806107]","[1.2649110640673515, 3.5276527638643045, 6.968582870681356]",
traveler (traveler.114),114,97.5,1.7889705007234191,0,26.630280230632252,1.161580508858678,2.2539028664823153,0.7280373442611776,SAV (sav.1),,,,2.7693038129378253,0,4.952187842396174,8.138811578732435,normal,,,,,,"[10.670385380820326, -1.3293517040436686, 0.885654180706735, -0.03336305222640064]"
traveler (traveler.99),99,90.0,0.7557699999097014,,,,2.2903915179271177,3.226121599325218,SAV (sav.2),1,4.777777777777778,1.0,4.5315569930085084,,,,,2.1,2.9,,,,
traveler (traveler.90),90,90.0,0.930619481998236,,,,2.1614960687554348,1.6331276283058507,SAV (sav.2),2,10.96084612875138,1.6187363517546558,1.090197230709104,,,,,2.1,1.7,,,,
traveler (traveler.112),112,97.5,2.4954344870720595,,,,4.388947917647993,0.8693347849169331,SAV (sav.2),3,18.370715062909582,1.662623821877015,1.3824979345938662,,,,,4.5,0.8999999999999999,133.44373165017015,"[2.0, 4.777777777777778, 10.96084612875138, 18.370715062909582, 27.419946296809506]","[0.7999999999999999, 2.497056274847714, 6.074765038847378, 9.696919094102345]",
traveler (traveler.115),115,97.5,1.937574455395543,0,35.94373165017015,1.161580508858678,1.8884678671062793,4.338538338093549,SAV (sav.2),,,,3.825843567911254,0,1.447134161484649,5.963452298840814,normal,,,,,,"[8.586689547117352, 1.8627774816376272, -0.8736030233933917, 1.0731000546537375]"
traveler (traveler.116),116,97.5,2.4010733417234165,2,,,2.5410394914892405,4.900722589653615,,,,,,2,,,,,,,,,"[-1.09436331414275, 1.4738664291384653, 3.0480787409762775, -0.6357645049774546]"
traveler (traveler.117),117,97.5,0.3992459206575184,4,,,2.492817680699825,2.8991813115003504,,,,,,4,,,,,,,,,"[-2.3201346316972344, 0.9363407799440847, 0.27338556263333563, 0.6376848151834528]"
traveler (traveler.118),118,97.5,0.9640110968450039,1,35.94373165017015,1.161580508858678,1.8119277292050493,3.1751843785244054,,,,,2.01180835414923,0,-0.2686203496664752,1.694672674042223,normal,,,,,,"[3.7173863849429685, 1.459416109735781, -0.10819163765951642, -0.1579060393974245]"
traveler (traveler.119),119,97.5,0.645594833078558,4,,,2.9286504315028123,2.017245925889606,,,,,,4,,,,,,,,,"[0.3323234044663838, -0.3197564015597518, 2.7420228082919094, 0.3115327243837137]"
traveler (traveler.120),120,97.5,0.9280487512651722,2,,,2.16518195337094,3.365546856256983,,,,,,2,,,,,,,,,"[1.311226503904651, 0.18544196222030787, 2.9457640751148686, 1.5965123778029044]"
traveler (traveler.121),121,97.5,0.35940737649434285,4,,,2.49397927198752,2.140643056122821,,,,,,4,,,,,,,,,"[-1.9378118099237667, -0.569207068696907, -0.08584733697046946, 0.9949816057427034]"
traveler (traveler.122),122,97.5,0.40949457774893633,4,,,2.83346390189931,2.7376712757904644,,,,,,4,,,,,,,,,"[2.8040780016302915, 1.0753823192958105, 1.6926958777306105, -1.8275393957078776]"
traveler (traveler.123),123,97.5,0.9830120021422545,1,,,1.5353465228192686,2.3109067285204254,,,,,,1,,,,,,,,,"[-0.2762524105725301, 1.2193594095310045, 1.5659887326908952, 0.044067054534165845]"
traveler (traveler.124),124,97.5,0.871272375069619,3,26.630280230632252,1.161580508858678,1.7553318823553588,2.0476893256587445,,,,,0.9137370711115311,0,2.579949676392514,4.745672933143084,normal,,,,,,"[6.711182575337732, 1.9373356305546354, -0.05086786080000614, 4.686892194531913]"
traveler (traveler.125),125,97.5,0.988574303567707,1,26.630280230632252,1.161580508858678,3.4392593341414024,2.808335948119298,,,,,2.0006364786207538,0,-0.7441376526452265,0.2509163528051892,normal,,,,,,"[2.288781397885532, 0.9990444091130525, -0.04280187061335104, -0.10052787349176082]"
traveler (traveler.126),126,97.5,0.6428036683652741,4,,,2.2839887072004696,1.8945780996305726,,,,,,4,,,,,,,,,"[1.4760605291706608, -1.141948794983825, 0.9238429828938289, 0.5597014998933559]"
traveler (traveler.127),127,97.5,0.34209794821089584,4,,,2.8268476842807955,2.3989970423681255,,,,,,4,,,,,,,,,"[0.75460283104354, 1.5088201810164603, 4.44766234230447, 0.002179267929288392]"
traveler (traveler.128),128,97.5,0.7667496191903971,2,35.94373165017015,1.161580508858678,3.237493113711694,2.7097829491556675,,,,,4.648883141766536,0,-1.1221143364436912,0.24660490195893536,normal,,,,,,"[2.1476417242332575, -0.5939278603332898, 0.7366381137212521, 0.7635810890842375]"
traveler (traveler.129),129,97.5,0.8942838861054445,1,,,2.143575686054371,1.6798138154197895,,,,,,1,,,,,,,,,"[-1.1816321689738065, 0.008479055750158965, -0.28731585480304095, 0.022135962800091384]"
traveler (traveler.130),130,97.5,0.9971076789229666,1,,,2.6968004784956086,3.477493373394953,,,,,,1,,,,,,,,,"[-0.30940332854534486, 1.156988461513718, 0.9300591863230936, -0.9097201524063153]"
traveler (traveler.131),131,97.5,0.8565140760803047,1,,,2.7474954294325293,1.6800229424345423,,,,,,1,,,,,,,,,"[2.5894570238589303, 3.6482132522314052, 1.3336488095085821, 0.4199682354953437]"
traveler (traveler.132),132,97.5,0.7272669715192421,1,,,3.1866983573009326,2.260495064888068,,,,,,1,,,,,,,,,"[-0.04287331393446688, 0.26975158231933477, 0.25717899469703576, -0.7518951234099915]"
traveler (traveler.133),133,97.5,0.5275769357392442,4,,,2.9881482109522266,2.700121831063358,,,,,,4,,,,,,,,,"[1.7808366777374995, 0.05055232614153844, 2.048444605931258, -0.003464357548012711]"
traveler (traveler.134),134,97.5,0.9365012842649039,1,,,2.5071944281739658,3.436473649193112,,,,,,1,,,,,,,,,"[0.7169092375341212, 2.0694835335631088, 1.3697624634308578, -1.3579500895584358]"
traveler (traveler.135),135,105.0,2.4510253954221337,0,28.44373165017015,1.161580508858678,3.1118896445781763,4.873418747684913,SAV (sav.2),,,,2.5626051122619367,0,-2.385207402416913,1.0207659022733706,normal,,,,,,"[3.9607153316993267, -0.19563932095691583, 0.3094513024327142, -0.37674828718539566]"
traveler (traveler.136),136,105.0,2.2217572037489433,3,,,0.39925402921748177,1.7767632208941957,,,,,,3,,,,,,,,,"[-1.6535417955152665, 0.31714695769096257, 1.8417695601200128, 2.6129228648001397]"
traveler (traveler.137),137,105.0,3.022968007783963,3,,,4.6947298135683315,4.578820969087925,,,,,,3,,,,,,,,,"[-1.716975743519163, -0.5280038829967755, 2.5949035359436543, 4.757275481796824]"
traveler (traveler.138),138,105.0,2.78967802549452,0,19.130280230632252,1.161580508858678,0.8864877400110832,0.22428436029620302,SAV (sav.1),,,,5.697054655739701,0,-3.5003109518242166,-1.0220323546463996,normal,,,,,,"[2.1268083334393575, -0.8411337547003456, -0.36962835967031804, -0.04229291413953012]"
traveler (traveler.139),139,105.0,1.1834672511789686,0,5.991614444079119,1.161580508858678,3.356305498873986,1.6830938687882935,SAV (sav.0),,,,4.1293206150964155,0,1.2719010994499893,1.866944016860809,normal,,,,,,"[4.025024969083916, 0.4129147157132663, 0.2965966898359901, -0.5069427005350047]"
traveler (traveler.140),140,105.0,2.2369010803154614,3,36.90270831264465,1.161580508858678,4.316262670841975,1.1942755445261604,,,,,2.888667040874042,0,-0.859946192057969,2.5581277354116643,normal,,,,,,"[5.3659987643753535, 1.2226166901512359, -0.21816367562176772, 2.945759569616699]"
traveler (traveler.141),141,105.0,1.6603225928908707,1,36.90270831264465,1.161580508858678,4.160321907048949,2.501509118021917,,,,,0.7240893775222607,0,0.9223704377029973,2.4612927515327243,normal,,,,,,"[4.913512605046979, 3.0797505554513966, 1.0879580915504274, 2.044379196867152]"
traveler (traveler.142),142,105.0,2.5634508949771577,1,,,3.9181967629270664,0.36458471659904457,,,,,,1,,,,,,,,,"[-1.4418877181851084, 0.0812572378645652, -0.4220886184669278, 1.0008378883984084]"
traveler (traveler.143),143,105.0,2.0212809727025913,1,,,3.770216377243678,0.9277000522828094,,,,,,1,,,,,,,,,"[1.0200906062346962, 0.774856554585536, 0.07785403439528202, -0.3434266728737622]"
traveler (traveler.144),144,105.0,0.9962868066988116,2,28.44373165017015,1.161580508858678,2.860393807477844,3.428818445517604,,,,,5.412294430481468,0,-0.10023175717318944,1.187191996380772,normal,,,,,,"[3.22981434833964, 1.0318028788284666, 2.031128218136124, -1.0472076129136203]"
traveler (traveler.145),145,105.0,0.9498332757937001,3,,,3.397571802384858,2.8107219196783344,,,,,,3,,,,,,,,,"[2.0450847421170883, -0.33837393998571763, -0.7147191546153135, 2.312742334273145]"
traveler (traveler.146),146,105.0,0.2688646760015045,4,,,2.2841998807458035,2.339630044798695,,,,,,4,,,,,,,,,"[-1.654486966552329, 1.1543235940040915, -0.4420837852259418, 1.004760217593686]"
traveler (traveler.147),147,105.0,0.43209641383018316,4,,,2.5860159214051324,2.0765515708970796,,,,,,4,,,,,,,,,"[1.7495313699020583, 0.005453818081352851, -1.1948797933812656, 0.2579622432681589]"
traveler (traveler.148),148,105.0,0.6781727531391429,4,,,3.096665840253011,2.1776521162230265,,,,,,4,,,,,,,,,"[5.921867751388238, 0.4801785626897537, 0.5128582898874781, 0.42210866192554664]"
traveler (traveler.149),149,105.0,0.3801736622294933,4,,,2.33765912066025,2.1562305244088975,,,,,,4,,,,,,,,,"[-2.6129441116087917, 1.881010267948837, -0.6112901840308208, -0.13638448636378994]"
traveler (traveler.150),150,105.0,0.7866982232011264,0,28.44373165017015,1.161580508858678,2.3317317519067506,3.268491959015472,SAV (sav.2),,,,2.8063677689029722,0,-0.7283869340482578,2.700968084667033,normal,,,,,,"[4.614309813592801, 0.8599490309460827, -1.105695958961903, -0.3372733254312078]"
traveler (traveler.151),151,105.0,0.5728068962843237,4,,,2.483006084745683,1.9274452451728228,,,,,,4,,,,,,,,,"[-2.0006140400203902, 2.4228790605553767, -0.32822154478853555, 0.46280978436226394]"
traveler (traveler.152),152,105.0,0.4949039018202918,4,,,2.7820900950848872,2.9066387220764254,,,,,,4,,,,,,,,,"[-1.4516027576001709, 0.04267736734953483, 1.156936076831855, 0.645428930255556]"
traveler (traveler.153),153,105.0,0.3270549579374425,4,,,2.305765384007824,2.2368691210408134,,,,,,4,,,,,,,,,"[0.05888738726457965, 0.9902395021960025, -0.38417189343750857, -0.9797880182402193]"
traveler (traveler.154),154,105.0,0.4266717579707536,4,,,2.0755753563293746,2.4562677362246585,,,,,,4,,,,,,,,,"[0.4984305240905576, 6.9984209983578385, -1.2830988251973146, 0.9872956973099228]"
traveler (traveler.155),155,105.0,0.9280398242664357,2,,,3.421556217494923,2.3904917655108644,,,,,,2,,,,,,,,,"[-0.899585526480777, -1.102566480804397, 1.0393131970617357, 0.9756257982466761]"
traveler (traveler.156),156,105.0,0.8102955068395328,2,,,2.605648623455983,1.6966213988621608,,,,,,2,,,,,,,,,"[3.4669044698718885, 0.19717439795150116, 5.580440089821573, 0.9927235271274021]"
traveler (traveler.157),157,105.0,0.27825222156760143,4,,,2.6612608091878727,2.273241868442655,,,,,,4,,,,,,,,,"[0.18387570424614447, -0.06692369912094526, 1.0016155815280137, -0.06958011230394204]"
traveler (traveler.158),158,105.0,0.8532490511060842,1,28.44373165017015,1.161580508858678,1.646750982344183,2.500238920104873,,,,,4.839503131391977,0,-1.4674368845862007,-1.2832483583380023,normal,,,,,,"[0.671143948588435, 0.19230401716190176, -0.6460731938269005, -0.23563074757111216]"
traveler (traveler.159),159,105.0,0.7758503196886164,1,,,1.8301305456915042,2.891431517312245,,,,,,1,,,,,,,,,"[-1.6455600378324178, 3.61571494708435, 0.13804603174913918, 1.3250326636745409]"
traveler (traveler.160),160,105.0,0.9794466135826156,2,,,1.5264800254513202,2.3924150195743312,,,,,,2,,,,,,,,,"[-0.421904665795254, 0.02991339164263414, 4.014497047939633, -1.2065834136493567]"
traveler (traveler.161),161,105.0,0.5486611172419452,4,,,2.821456364238905,2.9446288648563925,,,,,,4,,,,,,,,,"[1.9257592105293448, 1.4718461788328066, -0.19344601083536292, 1.6501407158007178]"
traveler (traveler.162),162,112.5,3.459379936515539,2,,,4.971004870363681,4.921042022726004,,,,,,2,,,,,,,,,"[-0.6352788892724167, -1.000820985095774, 4.768715480629108, -0.5556035032976968]"
traveler (traveler.139),139,105.0,1.1834672511789686,,,,3.356305498873986,1.6830938687882935,SAV (sav.0),1,7.532461789860253,1.0,4.1293206150964155,,,,,3.7,1.7,,,,
traveler (traveler.108),108,97.5,1.6424160784106894,,,,4.003097097464046,1.8380108080813495,SAV (sav.0),2,9.789540511969669,1.1354369053264506,2.023598383096554,,,,,4.1,1.7,,,,
traveler (traveler.111),111,97.5,2.8991563831370097,,,,4.326829623461428,4.751177749696333,SAV (sav.0),3,20.846170288845013,1.727832766706006,3.2555126475218223,,,,,4.1,4.9,141.90270831264465,"[2.0, 7.532461789860253, 9.789540511969669, 20.846170288845013, 30.91109386856552]","[2.039607805437114, 2.6052932303863514, 7.130776629980256, 11.209992240854485]",
traveler (traveler.163),163,112.5,2.020618162187973,0,29.40270831264465,1.161580508858678,3.901706344228801,3.9553752374946582,SAV (sav.0),,,,3.9051097829349777,0,0.4752441745741294,4.136469959289133,normal,,,,,,"[6.810931095689434, -0.7312331579535036, 1.0798083712802626, -0.47665103367626155]"
traveler (traveler.164),164,112.5,3.025672260576832,1,,,4.631074261191428,4.647839640595063,,,,,,1,,,,,,,,,"[-2.467867005144386, 1.373203746704431, 2.4837417968018594, 1.6105426226524746]"
traveler (traveler.165),165,112.5,2.971550142455658,1,,,0.1891153816543506,0.6318665653059674,,,,,,1,,,,,,,,,"[-1.755780018176828, 2.4235806455003726, 1.7800872898890612, 1.6950757236666225]"
traveler (traveler.166),166,112.5,1.262113346302582,3,,,1.262080546599707,2.254061947213895,,,,,,3,,,,,,,,,"[-0.07181376524506931, 1.1725599924285115, -0.645647588691432, 2.5680938504803033]"
traveler (traveler.167),167,112.5,1.8857497128490275,2,29.40270831264465,1.161580508858678,3.7834506998824042,3.8815955560443713,,,,,2.805653390007746,0,-1.4226001540878728,-1.0069820595160368,normal,,,,,,"[1.5842881088120953, -0.44166394782369667, 1.7651214686971501, 0.16915305031080682]"
traveler (traveler.168),168,112.5,0.8837013191508465,2,29.40270831264465,1.161580508858678,3.3605944593073245,2.2992384546819777,,,,,2.516480015243661,0,-1.825833282693842,0.687931392600577,normal,,,,,,"[2.661107586129508, -1.0623120745322425, 0.17181567410568013, 0.22003718075104275]"
traveler (traveler.169),169,112.5,0.9970090821824686,2,,,2.5626746448297286,3.495037184656833,,,,,,2,,,,,,,,,"[0.20193810004314428, 0.6307495830180475, 2.630475555302238, 0.3889957749187068]"
traveler (traveler.170),170,112.5,0.6885926490963202,4,,,2.043259947500508,3.015313846924619,,,,,,4,,,,,,,,,"[2.1815835015915175, 0.021519019574565795, 0.25600478493202133, 0.010855682321835895]"
traveler (traveler.171),171,112.5,0.6896931840879802,4,,,3.1035419415803105,2.833787077237699,,,,,,4,,,,,,,,,"[3.669402100373034, -0.20000477935043678, -0.5363247153457084, 0.07844743842986855]"
traveler (traveler.172),172,112.5,0.5775555332655503,4,,,2.139480908828058,2.9512165543352893,,,,,,4,,,,,,,,,"[2.9551721842464276, -0.23887247180067026, 0.39236596506513544, 0.6144919536232888]"
traveler (traveler.173),173,112.5,0.79048811566688,1,29.40270831264465,1.161580508858678,2.6172185002154946,3.281748862626486,,,,,1.4235703131142967,0,-0.19221443770427982,-0.1871019550892674,normal,,,,,,"[1.7285774949614987, 1.4288282524306122, 1.2911239219994894, -0.6016850071545514]"
traveler (traveler.174),174,112.5,0.8668206605114916,0,29.40270831264465,1.161580508858678,1.9443305023921706,3.165289010068437,SAV (sav.0),,,,2.4703696553976378,0,0.6836253434954447,4.207230855177066,normal,,,,,,"[6.169994544218944, 2.1910021383252034, 1.645619566522098, 0.7603723341640057]"
traveler (traveler.175),175,112.5,0.7695236646392746,3,,,3.2441793149563547,2.6958668364755747,,,,,,3,,,,,,,,,"[1.159259672492503, 0.8116665114990862, 2.023537778216048, 3.192254295097079]"
traveler (traveler.176),176,112.5,0.17888325453953305,4,,,2.6120261310734447,2.6394609791711314,,,,,,4,,,,,,,,,"[-1.959612905524849, -1.3794159065186384, -0.530423441519855, 1.5302989040055515]"
traveler (traveler.177),177,112.5,0.41669597250377244,4,,,2.421369635915967,2.909209969752543,,,,,,4,,,,,,,,,"[1.4252830627053843, -0.8959847501956493, 0.43108256672400447, 0.08447668654997698]"
traveler (traveler.178),178,112.5,0.8104097618718547,1,,,1.7032775486911362,2.648314927494138,,,,,,1,,,,,,,,,"[0.6367304129915031, 1.2230343055212984, 0.2707784632064163, 0.43241675841833244]"
traveler (traveler.179),179,112.5,0.2978353182309581,4,,,2.7781790151874226,2.6064063545804093,,,,,,4,,,,,,,,,"[1.4729236374686485, -1.065352586403691, -1.1177372961456875, 1.4518068637236403]"
traveler (traveler.180),180,112.5,0.5532914523901621,4,,,2.7867755526750058,2.0268285578398038,,,,,,4,,,,,,,,,"[4.2154870190431275, -0.7713450404831116, 1.6253899221151493, -1.687530085309474]"
traveler (traveler.181),181,112.5,0.9400812857727884,1,,,2.9914689206649214,3.301380760862573,,,,,,1,,,,,,,,,"[3.7564176969604293, 6.094940053329936, 0.3928189701593105, -0.29921902558414026]"
traveler (traveler.182),182,112.5,0.8234553278387807,1,,,3.3022264629192355,2.685772385294926,,,,,,1,,,,,,,,,"[-0.6329407434468041, 2.298146225276347, 0.278440280139132, -0.9590859213668003]"
traveler (traveler.183),183,120.0,2.4236649307773,1,,,0.4760108976932681,3.833274094259438,,,,,,1,,,,,,,,,"[-2.146055190591266, 6.574060751745617, 0.5290727446354616, 2.7600301044432842]"
traveler (traveler.184),184,120.0,2.4577014592607513,1,,,0.09095166951191114,2.98660312804685,,,,,,1,,,,,,,,,"[0.9114847425683815, 1.290720739849635, 1.0400484120337312, 0.008030787989938667]"
traveler (traveler.185),185,120.0,3.007450057541266,1,,,4.843564500450333,0.615202588914675,,,,,,1,,,,,,,,,"[-0.4832995052215736, -0.1272125573532115, 0.4493890858114005, -0.44637704317027543]"
traveler (traveler.186),186,120.0,1.0321598036270385,3,,,2.2234877913320714,1.5055680723744884,,,,,,3,,,,,,,,,"[2.870779008411376, 0.061836283702774865, 0.6668720692475841, 1.3600152854485397]"
traveler (traveler.187),187,120.0,2.0162097677506363,1,,,4.372003980156347,3.248800992154705,,,,,,1,,,,,,,,,"[-1.7377550151467434, 0.005938115326076995, 0.13620665589101186, -0.25336961084328713]"
traveler (traveler.188),188,120.0,0.48315422745170844,4,,,2.079597281331499,2.7381166975257942,,,,,,4,,,,,,,,,"[8.19410269561864, 1.4977198107841005, 2.390234689482319, 0.3258327385903759]"
traveler (traveler.189),189,120.0,0.9271665489142996,2,,,2.849945252822635,1.6414103835635125,,,,,,2,,,,,,,,,"[0.6925567662042423, 0.4035824994716375, 1.0219203919394748, 0.41486496492087654]"
traveler (traveler.190),190,120.0,0.852217202244568,3,,,3.3203326132163857,2.2690702195576877,,,,,,3,,,,,,,,,"[-0.29949149937447594, -0.3862880872591854, -0.8521905682507487, 1.6888326792131918]"
traveler (traveler.191),191,120.0,0.3985464977209465,4,,,2.2795846656451966,2.8320487783848822,,,,,,4,,,,,,,,,"[3.9210515844773193, -1.8983588873161201, 1.0934332971727039, 0.6073069151542276]"
traveler (traveler.192),192,120.0,0.7896680710422534,1,,,3.1270555111679643,2.979976091422767,,,,,,1,,,,,,,,,"[1.4354426796617694, 2.061379712465856, -0.9784188316341326, 1.8053161564592464]"
traveler (traveler.193),193,120.0,0.7531978230068594,2,,,2.126554130928047,1.8459012739231437,,,,,,2,,,,,,,,,"[0.4504726981873015, -0.898755407943248, 0.18754652849666933, -0.7745371176814007]"
traveler (traveler.194),194,120.0,0.7121702819684018,1,,,1.8247481574635773,2.7263215846315134,,,,,,1,,,,,,,,,"[-0.3101718132896643, 2.9233213525122625, -0.637386417387262, -0.1215253230303605]"
traveler (traveler.195),195,120.0,0.6339597867395771,4,,,2.888385580217813,3.001060527563051,,,,,,4,,,,,,,,,"[0.2528808059191617, 1.573825755287405, 0.7705343238999947, 0.33196770650730206]"
traveler (traveler.196),196,120.0,0.9785294541801548,1,,,3.464916526943016,2.6626529702475175,,,,,,1,,,,,,,,,"[0.4075979803624397, 2.3224062000077326, 0.3904924481805636, -0.8488491960603435]"
traveler (traveler.197),197,120.0,0.25119141767849484,4,,,2.388150851534223,2.724915309178394,,,,,,4,,,,,,,,,"[5.323852239156473, 0.6555431539957607, 1.373082160415698, 1.165721178725483]"
traveler (traveler.198),198,120.0,0.956923943813378,2,,,2.447335971503472,1.5445263298521168,,,,,,2,,,,,,,,,"[0.1507921450989648, -0.5101305019715335, 0.38651086979073207, -0.6697805056651974]"
traveler (traveler.199),199,120.0,0.5640883064521162,4,,,3.017062359654788,2.274517996939358,,,,,,4,,,,,,,,,"[0.6013792290619071, -0.0332004736063016, 2.1524689739963097, -0.259700605799552]"
traveler (traveler.200),200,120.0,0.14431095745001774,4,,,2.4754954888639036,2.6422152642093026,,,,,,4,,,,,,,,,"[-0.7298194696940152, 0.6714082251065902, 1.8182940166322827, -0.46082507709491033]"
traveler (traveler.201),201,120.0,0.8258334315661949,0,21.90270831264465,1.266321374165304,1.746799113157297,2.838658058743274,SAV (sav.0),,,,4.30185690512837,0,4.945668594894787,5.8439282183220325,normal,,,,,,"[9.628391249021275, -0.5663642486910819, 1.5436695742844342, -0.1757481413517727]"
traveler (traveler.202),202,127.5,2.247119128390964,2,,,4.353586013004895,3.770339824445878,,,,,,2,,,,,,,,,"[1.055189689026475, 0.1560414153525159, 1.2571128448539972, -1.0618004196154578]"
traveler (traveler.203),203,127.5,2.115219677008342,1,,,1.7584988282345453,0.5190077500722695,,,,,,1,,,,,,,,,"[0.14059319145304627, 1.3013349702583623, -0.8367566699917375, 0.49095388333993073]"
traveler (traveler.204),204,127.5,1.970683187746208,1,,,1.4829717133658205,4.187970879681134,,,,,,1,,,,,,,,,"[0.41878829341870494, 3.1512552766526905, 2.1823692348008885, -0.15908780903987024]"
traveler (traveler.205),205,127.5,1.8817889447051634,2,,,1.4126459082061111,0.9641644907498526,,,,,,2,,,,,,,,,"[2.2211239220994234, 0.6456114769934881, 1.7730951737688307, 0.13407308663429812]"
traveler (traveler.206),206,127.5,2.3848925994563754,1,,,4.733770621814197,3.3354528832086237,,,,,,1,,,,,,,,,"[0.2614689483067351, 0.7316458642095945, -0.229923237298391, -0.6312066303642849]"
traveler (traveler.207),207,127.5,1.7286645363267157,1,,,2.633724554837986,4.223484500245663,,,,,,1,,,,,,,,,"[1.7114304206327742, 0.7498045007527488, -0.07127111153744842, 0.8025874596111137]"
traveler (traveler.208),208,127.5,3.0124856565329785,1,,,4.208676189548644,0.01897289210970987,,,,,,1,,,,,,,,,"[2.379403010624149, 0.2699276680383119, -1.3666526531229828, 1.7816859226063633]"
traveler (traveler.209),209,127.5,0.6015326357146984,4,,,2.7803178714984202,3.0322249550222793,,,,,,4,,,,,,,,,"[1.4644751712075859, 1.7596985262652514, 0.9410821623711234, 0.6951324878581886]"
traveler (traveler.210),210,127.5,0.9810188485781027,2,,,2.6032940167545533,3.4755656448277668,,,,,,2,,,,,,,,,"[-2.180932351861426, 1.6098242648602126, 3.682613490675136, -0.2697413043685133]"
traveler (traveler.211),211,127.5,0.890705059271428,1,,,1.9739560751363683,1.781227927834015,,,,,,1,,,,,,,,,"[-0.04557614277074886, 1.7408693189796434, -0.30947570268976354, 1.366233187363779]"
traveler (traveler.212),212,127.5,0.7360028373865474,2,,,1.8176894145358975,2.2240426815525955,,,,,,2,,,,,,,,,"[1.2656951105106908, 0.2103295868517863, 1.1260364460708396, 0.08159734935979712]"
traveler (traveler.213),213,127.5,0.9826685743752065,2,,,1.5645433503286053,2.8009292003946613,,,,,,2,,,,,,,,,"[2.121782938895636, 0.13283571103726355, 0.6135174868395955, -0.49654759873431076]"
traveler (traveler.214),214,127.5,0.7456618083266164,1,,,3.191162711718804,2.7798314462787,,,,,,1,,,,,,,,,"[-0.545730597611112, 1.852669055583437, 0.3312326844672482, 0.6187547556512822]"
traveler (traveler.215),215,127.5,0.8425386281038824,1,,,3.336649615083779,2.400557748279031,,,,,,1,,,,,,,,,"[0.10485873931256386, 0.949158897735067, -0.36246351044170155, 0.26132549866076454]"
traveler (traveler.216),216,127.5,0.29292668357893714,4,,,2.7753830294694444,2.4001489657901036,,,,,,4,,,,,,,,,"[-0.1935587688011717, -0.621888469418702, -0.003972819480844545, 0.1008510279495216]"
traveler (traveler.217),217,127.5,0.6861781887612822,4,,,2.787679108314287,1.877038333947256,,,,,,4,,,,,,,,,"[-2.4102227014646176, -0.2038527366815691, 0.1349309939904708, 1.187645181304408]"
traveler (traveler.218),218,127.5,0.775116411866732,3,,,2.8725506087437784,3.1797142751699403,,,,,,3,,,,,,,,,"[2.2572969683357726, -0.3501573151908727, -0.016892024374968395, 1.2592738182809273]"
traveler (traveler.219),219,127.5,0.3416353292588757,4,,,2.7640925497325233,2.7167252255128487,,,,,,4,,,,,,,,,"[1.6646226855851376, 1.124457935110133, 4.101983401492477, -1.4520123692992584]"
traveler (traveler.220),220,127.5,0.8716111954971105,3,,,1.7570854423996842,2.044166657404892,,,,,,3,,,,,,,,,"[-0.6979930162307851, -0.1600003267363458, 0.4898972365225767, 1.4452361014260298]"
traveler (traveler.221),221,127.5,0.7219672563171163,2,,,1.9215484627202786,2.0679924326903616,,,,,,2,,,,,,,,,"[-0.7235350029109929, -0.1462780943895263, 0.9053388715679052, 0.008738993851955196]"
traveler (traveler.222),222,127.5,0.7824019446761453,3,,,2.2965381146133996,3.255483993363158,,,,,,3,,,,,,,,,"[3.867146340128418, -0.21631516222458677, 0.30404788013643425, 5.528014481418669]"
traveler (traveler.223),223,127.5,0.5892908092234381,4,,,3.088212107615423,2.4643604953761096,,,,,,4,,,,,,,,,"[6.739403181556553, 0.4849839865874686, 1.2207143370786042, -0.3524872648953966]"
traveler (traveler.224),224,127.5,0.8054243402443856,2,,,3.1120600742093147,3.0235368501041657,,,,,,2,,,,,,,,,"[-0.8633396721883035, -0.1260461461994815, 1.876362304829221, 1.6856949825925478]"
traveler (traveler.225),225,127.5,0.9171598627792723,3,,,1.67935896871737,2.90954915659622,,,,,,3,,,,,,,,,"[0.8001572750095763, 3.3925751858137994, -0.08725023746366499, 4.202602774396724]"
traveler (traveler.226),226,127.5,0.7847424462036982,2,,,2.9990514674299016,1.8943859812307628,,,,,,2,,,,,,,,,"[0.36372672557277724, 0.6697494400028945, 2.1423619909029594, -0.1517335423229645]"
traveler (traveler.227),227,127.5,0.8031647915494227,1,,,2.640553209980312,3.290770812276767,,,,,,1,,,,,,,,,"[1.7994061812180182, 0.5429268414465115, 0.13693493941737467, 0.8030006039185918]"
traveler (traveler.228),228,127.5,0.5710337694155156,4,,,3.0485851183927783,2.6585368527846875,,,,,,4,,,,,,,,,"[-0.7689375491679429, -0.6841642586441937, 0.6580872723802141, 0.0995246992461507]"
traveler (traveler.229),229,127.5,0.5203872666484738,4,,,2.068913666686665,2.208508181040472,,,,,,4,,,,,,,,,"[0.3604452447618959, 0.1643584214848398, 1.2575837409721873, 0.9503554750748874]"
traveler (traveler.230),230,127.5,0.6947505930604572,4,,,3.194750568389731,2.500185148596822,,,,,,4,,,,,,,,,"[-1.6918899004571628, 0.9103658611284017, 3.2676810740374016, 0.8118957930694247]"
traveler (traveler.231),231,127.5,0.5587667094404359,4,,,2.8991359465547455,2.108961981711829,,,,,,4,,,,,,,,,"[-0.15318420235942692, 0.36300847519514023, 0.15394503315315916, -0.5103338815999163]"
traveler (traveler.232),232,127.5,0.5289748853077272,4,,,2.9185679060219725,2.1765570570646124,,,,,,4,,,,,,,,,"[0.9294762703981421, -1.1484381836679738, -0.1758649672965967, -0.5079177825853624]"
traveler (traveler.233),233,135.0,1.6660815248920429,2,,,3.4928664534147007,1.1620747953378303,,,,,,2,,,,,,,,,"[0.7163994092118999, -1.0203289077037583, 1.9901236361592385, -0.6580292435449134]"
traveler (traveler.234),234,135.0,2.0230670362965113,1,,,1.5475789942365052,0.7151486165145282,,,,,,1,,,,,,,,,"[1.858536632128636, 0.7938147360779247, 1.0093615241284721, -0.014518020698357136]"
traveler (traveler.235),235,135.0,2.1883156489403026,1,,,4.316107654896925,3.720851491878439,,,,,,1,,,,,,,,,"[-0.47156214312773737, 0.32907915095182333, 0.4446785976321572, 0.9969404225509407]"
traveler (traveler.236),236,135.0,2.788441431506456,2,,,0.7346065532032775,0.34157659507015103,,,,,,2,,,,,,,,,"[0.6148756252013136, -1.1416205258484962, 2.3016600068533988, 1.1772518829749048]"
traveler (traveler.237),237,135.0,1.0511013975522243,1,,,3.5356940462187936,2.6793097614832573,,,,,,1,,,,,,,,,"[1.2373645082094094, 1.7604234995063097, 1.2726794510873245, -0.1568776935565452]"
traveler (traveler.238),238,135.0,2.5144531640588452,1,,,1.125338803449517,4.605417134190736,,,,,,1,,,,,,,,,"[0.42581726547585186, -0.08733149131542711, 0.024933734684500768, -0.5858027644405895]"
traveler (traveler.239),239,135.0,1.7337068907221818,1,,,3.3218993521546096,0.9734938461095516,,,,,,1,,,,,,,,,"[0.3828588312706175, 4.26959062293449, 0.47941061957464604, -0.4813603436978927]"
traveler (traveler.240),240,135.0,2.890133465792659,2,,,0.3909858829999302,4.476089801701608,,,,,,2,,,,,,,,,"[-1.4232396738742048, -0.38743592763925083, 3.598087946070223, 2.086582625760057]"
traveler (traveler.114),114,97.5,1.7889705007234191,,,,2.2539028664823153,0.7280373442611776,SAV (sav.1),1,9.28539361054709,1.0,2.7693038129378253,,,,,2.1,0.8999999999999999,,,,
traveler (traveler.138),138,105.0,2.78967802549452,,,,0.8864877400110832,0.22428436029620302,SAV (sav.1),2,16.57078722109418,1.393804532615398,5.697054655739701,,,,,0.5,0.5,150.58995634061532,"[2.0, 9.28539361054709, 16.57078722109418, 26.45967610998307]","[2.332380757938121, 4.664761515876242, 8.664761515876243]",
traveler (traveler.241),241,135.0,2.8943763102366122,0,15.589956340615316,1.266321374165304,0.7977616538498011,0.15910298429112013,SAV (sav.1),,,,1.417110183892833,0,1.9151346537387237,1.7041005140741072,normal,,,,,,"[6.805323746204566, -0.2146331518536276, 2.4625559101729437, 0.6446481857357742]"
traveler (traveler.242),242,135.0,0.923192109327675,3,,,1.8996964755163575,1.7986303761800069,,,,,,3,,,,,,,,,"[-1.2380133327641671, 0.09014697503204036, -0.19569015773028076, 2.773084949640105]"
traveler (traveler.243),243,135.0,0.8615140692145651,3,,,2.239039604907787,1.6789603154244281,,,,,,3,,,,,,,,,"[2.403954085168098, 0.6142040830033331, 1.2212075828781002, 4.420469784086407]"
traveler (traveler.244),244,135.0,0.8948438598525158,0,15.589956340615316,1.266321374165304,3.1207735086965473,3.1445042935592644,SAV (sav.1),,,,3.2404412335932054,0,2.3358976461475645,2.2997574207702076,normal,,,,,,"[6.128150014829316, 0.6561581002748597, 1.9130614431371913, -0.4413292297476008]"
traveler (traveler.245),245,135.0,0.7162728583302787,2,,,2.9192433728030123,1.919240323419935,,,,,,2,,,,,,,,,"[2.152802784395858, -0.5268845357336087, 0.7996339870200807, -0.8289415081062005]"
traveler (traveler.246),246,135.0,0.7580583576075253,3,,,2.0134261811869667,3.081290282375613,,,,,,3,,,,,,,,,"[-2.2392707337433153, 1.1223755364908332, 1.17710089133732, 1.8131177635484481]"
traveler (traveler.247),247,135.0,0.8895408017148961,3,,,1.8955747189323744,3.1526506856825494,,,,,,3,,,,,,,,,"[1.295136369361174, -0.9711765665266376, 0.12465821864562077, 1.4276044725558024]"
traveler (traveler.248),248,135.0,0.9094163014042095,1,,,2.399162837544927,3.4038085394195616,,,,,,1,,,,,,,,,"[-0.22706958501076763, 1.4511039031035715, 1.2675586894408235, -0.29572405366374294]"
traveler (traveler.249),249,135.0,0.6703265909914895,4,,,3.029202204028529,2.0885601309527493,,,,,,4,,,,,,,,,"[-0.9119752584299887, 0.1504229479754565, 5.706853562696922, 0.060398546309650046]"
traveler (traveler.150),150,105.0,0.7866982232011264,,,,2.3317317519067506,3.268491959015472,SAV (sav.2),1,5.810913475705226,1.0,2.8063677689029722,,,,,2.1,3.3,,,,
traveler (traveler.115),115,97.5,1.937574455395543,,,,1.8884678671062793,4.338538338093549,SAV (sav.2),2,9.32507091992406,1.139556767702495,3.825843567911254,,,,,2.1,4.1,,,,
traveler (traveler.135),135,105.0,2.4510253954221337,,,,3.1118896445781763,4.873418747684913,SAV (sav.2),3,13.880626475479616,1.3037722894512582,2.5626051122619367,,,,,2.9,4.9,155.9708694741321,"[2.0, 5.810913475705226, 9.32507091992406, 13.880626475479616, 22.52713782396195]","[1.2649110640673515, 2.3962819139658276, 3.996281913965828, 7.437212020782879]",
traveler (traveler.250),250,135.0,0.9137356012372281,0,20.970869474132087,1.266321374165304,1.5875859870929825,2.549126551062245,SAV (sav.2),,,,1.4721573549273816,0,0.7156329993626702,1.2195676175232157,normal,,,,,,"[5.059986016533058, 0.8510756551743309, 2.405776769685064, 1.9797422537527183]"
traveler (traveler.251),251,135.0,0.8603524501247751,1,,,2.7905385473284268,3.309810898266991,,,,,,1,,,,,,,,,"[1.9062067362349384, 0.9090930701474307, 0.42306260770238074, 0.5745692720900486]"
traveler (traveler.252),252,135.0,0.45955199649117595,4,,,2.552743233746882,2.04348473325315,,,,,,4,,,,,,,,,"[1.579712520796428, -0.9440945708337424, 0.09539319428734135, 0.7511628006590831]"
traveler (traveler.253),253,142.5,1.5217468672544463,1,,,2.9861855102279207,3.9419906995688763,,,,,,1,,,,,,,,,"[0.48211672318589066, -0.5233936985763298, -0.3272747389624456, -0.7546521610317504]"
traveler (traveler.254),254,142.5,2.852687760116242,3,,,0.14969538570690222,4.116754674262485,,,,,,3,,,,,,,,,"[2.0678561687008643, -0.3832115925227622, 1.2271751119408782, 2.741695441794243]"
traveler (traveler.255),255,142.5,1.8075363709116852,2,,,3.8449279046604956,1.292375611610086,,,,,,2,,,,,,,,,"[-0.06968085279923279, -0.5416718620774759, 1.5818981810514507, -0.8844114537250335]"
traveler (traveler.256),256,142.5,3.171777274077312,0,13.470869474132087,1.266321374165304,4.699310156623072,0.21456658129625272,SAV (sav.2),,,,4.177599263527704,0,-3.2558749995723613,-3.481609393538873,normal,,,,,,"[1.7961973422697286, -0.5507769324301508, 0.7486252843906488, 0.6197564637381396]"
traveler (traveler.257),257,142.5,1.0401874370876545,2,,,2.137899047040936,1.5248729292337737,,,,,,2,,,,,,,,,"[-1.6802040494958208, 0.31158320679413276, 3.17427125746209, 0.5196907646872333]"
traveler (traveler.258),258,142.5,3.0370855165210777,1,,,0.44422534614035003,4.7355489274919345,,,,,,1,,,,,,,,,"[0.07286570931448191, 0.07219914097969146, 0.17213014534951937, -0.46661698061158574]"
traveler (traveler.259),259,142.5,2.0348697554447943,1,,,1.4290723321599548,4.230262654014886,,,,,,1,,,,,,,,,"[0.6704706411145672, 1.8542459253366013, 0.3309524129328424, 0.8557182925900664]"
traveler (traveler.260),260,142.5,0.8740194672122227,0,8.089956340615316,1.266321374165304,2.1944107195311187,3.318856043959162,SAV (sav.1),,,,1.1553036602075524,0,0.8605295956551045,-0.3647920257614037,normal,,,,,,"[3.450344506878596, 0.46613878034428563, -0.33867716084505217, 1.0733858150028937]"
traveler (traveler.261),261,142.5,0.6930756043588073,4,,,1.8415103040590854,2.2837938167004284,,,,,,4,,,,,,,,,"[0.10347707010468542, 1.5258835682589118, -0.78509228678553, 0.5232902026527478]"
traveler (traveler.262),262,142.5,0.8576355443184637,1,,,1.6423681727661075,2.497474966558193,,,,,,1,,,,,,,,,"[2.1964745603260623, 2.7029321009830727, 0.503129042208653, 0.32024212505865607]"
traveler (traveler.263),263,142.5,0.47998700241989317,4,,,2.978472105533485,2.5381046810561125,,,,,,4,,,,,,,,,"[2.355478992191879, -1.5860224562198173, -0.2959113759034534, -0.7749093713621638]"
traveler (traveler.264),264,142.5,0.7033649463278497,2,,,3.202208677257178,2.540314033629784,,,,,,2,,,,,,,,,"[1.5812464985500194, -0.5405250941770723, 0.7502826621583198, 0.5549841726765407]"
traveler (traveler.265),265,142.5,0.6955956723055083,4,,,2.973406143980912,1.9903531004987116,,,,,,4,,,,,,,,,"[2.2566624629471312, 0.18626699446327324, 2.493545793956559, 0.7596738241390655]"
traveler (traveler.266),266,142.5,0.19561106379951357,4,,,2.6538144723202826,2.6208503056910093,,,,,,4,,,,,,,,,"[5.188744610445025, -0.644209892607173, -0.0063153828357408615, 2.0924353129906894]"
traveler (traveler.267),267,142.5,0.23649388937433402,4,,,2.467080533734068,2.7341915208801675,,,,,,4,,,,,,,,,"[2.7299412088978525, 0.1967840304403625, -1.1365135238132669, -0.5217928441860957]"
traveler (traveler.268),268,142.5,0.2617919154655944,4,,,2.4348691995375478,2.7535606157002013,,,,,,4,,,,,,,,,"[-1.728819839438488, 2.106681412083806, 0.5712785068179427, -0.90897103881947]"
traveler (traveler.269),269,142.5,0.3394506481902564,4,,,2.3720804736630736,2.8144254082266915,,,,,,4,,,,,,,,,"[0.7336685688654055, -0.12157711156800945, 0.12056193309851107, 1.091593741494972]"
traveler (traveler.270),270,142.5,0.8082326327880845,3,,,2.9007493285582293,3.201883155777147,,,,,,3,,,,,,,,,"[-0.35462155406009893, -0.28460813299913, 0.45295294732854496, 1.7323717188084096]"
traveler (traveler.271),271,142.5,0.3450998032745527,4,,,2.1571487823785525,2.539330863143666,,,,,,4,,,,,,,,,"[1.8761641266473126, -0.9633267525930144, -1.0752992964401022, 0.3383034390579104]"
traveler (traveler.272),272,142.5,0.13060399638774614,4,,,2.6239489790980457,2.458841107242752,,,,,,4,,,,,,,,,"[0.6042183525104543, -0.42954126062632847, 1.074902265076369, 1.8938702259028584]"
traveler (traveler.273),273,142.5,0.4977640532767136,4,,,2.9929884192012874,2.5687856908657505,,,,,,4,,,,,,,,,"[4.3088317529707245, -1.310122889794377, -1.8621663001757622, 0.7017350333411182]"
traveler (traveler.274),274,142.5,0.32799599716370714,4,,,2.4978317066196727,2.172011169916975,,,,,,4,,,,,,,,,"[1.1171764860521252, -0.3124409463718993, -1.671227906671338, 2.9870339383583007]"
traveler (traveler.275),275,142.5,0.871970479226157,3,,,3.3695655773852558,2.564716483746729,,,,,,3,,,,,,,,,"[-2.9042548942527326, -0.2517380666789572, 0.1337659583129514, 2.0816852559162187]"
traveler (traveler.276),276,150.0,1.4418120581508276,3,,,3.8602651357987567,2.0219824570588276,,,,,,3,,,,,,,,,"[1.1356964922830586, -0.7297076699783869, -0.8266576890082842, 0.660437185747347]"
traveler (traveler.277),277,150.0,2.7658699474936714,1,,,3.971170886393182,4.84215558609537,,,,,,1,,,,,,,,,"[-0.09078601499609293, 0.8618664387198494, 0.4459315626146713, 0.6340099894766416]"
traveler (traveler.201),201,120.0,0.8258334315661949,,,,1.746799113157297,2.838658058743274,SAV (sav.0),1,4.777777777777778,1.0,4.30185690512837,,,,,2.1,2.9,,,,
traveler (traveler.174),174,112.5,0.8668206605114916,,,,1.9443305023921706,3.165289010068437,SAV (sav.0),2,7.034856499887195,1.2106283339614567,2.4703696553976378,,,,,2.1,3.3,,,,
traveler (traveler.163),163,112.5,2.020618162187973,,,,3.901706344228801,3.9553752374946582,SAV (sav.0),3,14.444725434045397,1.5556395388169575,3.9051097829349777,,,,,3.7,3.7,163.63282735723715,"[2.0, 4.777777777777778, 7.034856499887195, 14.444725434045397, 21.730119044592485]","[0.7999999999999999, 1.3656854249492378, 3.6980661828873584, 6.098066182887359]",
traveler (traveler.278),278,150.0,1.5153232948696371,0,13.632827357237147,1.266321374165304,1.6928217417152747,1.2175539203042451,SAV (sav.0),,,,0.9930957741753503,0,-1.9034574789206076,-2.413288822383071,normal,,,,,,"[1.8100787244612673, -1.0409318589583312, -0.05203051646474165, -0.15492106128119132]"
traveler (traveler.279),279,150.0,2.357658509387526,1,26.876481260058057,1.266321374165304,4.820233645018824,2.9184130488047333,,,,,0.9823677989789088,0,-3.046512628481522,-2.9199355868274584,normal,,,,,,"[1.839632344441159, -0.4591571976943259, -0.5123493421326419, 0.24801160325942817]"
traveler (traveler.280),280,150.0,2.0396991771670026,1,,,0.6820803265962877,3.4249544823327724,,,,,,1,,,,,,,,,"[-0.760878966357225, 1.3921192543139491, 0.3401970718006252, -0.9326918441093844]"
traveler (traveler.281),281,150.0,2.7670912734946893,2,,,4.88102244927356,3.909796514361487,,,,,,2,,,,,,,,,"[-0.6406889635543285, -0.9671115694555463, 1.4729097642986482, 1.14097165125882]"
traveler (traveler.282),282,150.0,1.006958238101328,1,,,2.8768408889517727,1.5662142442218512,,,,,,1,,,,,,,,,"[3.6428666545944792, 2.863461175647293, 1.421495588837603, 1.587740452452908]"
traveler (traveler.283),283,150.0,2.9188633833598896,0,13.632827357237147,1.266321374165304,0.20945513183206088,4.3091897793290395,SAV (sav.0),,,,2.6396990609442463,0,-3.809224969251685,-4.161114125447277,normal,,,,,,"[0.9556966991236123, -2.08874544190502, 0.16312543841227573, -0.5689824027284626]"
traveler (traveler.284),284,150.0,2.0702609211155814,1,,,4.568621106819045,2.582383238107535,,,,,,1,,,,,,,,,"[-1.1266698844312377, 2.193791086156849, 1.1462916354196262, 0.044300433994502654]"
traveler (traveler.285),285,150.0,2.1421989703963358,2,,,3.869706531324405,4.14709454701738,,,,,,2,,,,,,,,,"[1.784322176322904, 0.4416889144954759, 2.693479547136611, -1.3992011734563414]"
traveler (traveler.286),286,150.0,1.486833469066896,3,,,1.5634692735223554,1.3451909408474683,,,,,,3,,,,,,,,,"[-0.07984273243871556, -1.2632370484914015, -0.7734978174027606, 0.6777360133866953]"
traveler (traveler.287),287,150.0,0.35745879009611553,4,,,2.445511131199963,2.853281403124862,,,,,,4,,,,,,,,,"[0.6006650922467054, 2.7074033930573957, 5.139445764692619, 0.18083956521083436]"
traveler (traveler.288),288,150.0,0.6133762071305217,4,,,2.005795541862991,2.136692519989844,,,,,,4,,,,,,,,,"[2.360033596634806, -0.06242620036106137, 1.8782472141422828, -1.3381420174564926]"
traveler (traveler.289),289,150.0,0.9434933064461094,1,,,3.380687986684805,2.1615206218723553,,,,,,1,,,,,,,,,"[0.4829374576707958, 3.0755809432777728, -0.505969018465103, 0.012086501865438705]"
traveler (traveler.290),290,150.0,0.5525953300718819,4,,,2.6618609889757767,3.0283584191295105,,,,,,4,,,,,,,,,"[0.27757331122400836, -0.34313579262674493, 0.3842665868097155, -0.8804160701049798]"
traveler (traveler.291),291,150.0,0.9630420464904647,0,5.970869474132087,1.266321374165304,1.9937361588773437,1.6807644377346183,SAV (sav.2),,,,1.2958894833882024,0,1.1378106898708573,-0.3535123062066359,normal,,,,,,"[3.518292807312717, 0.17581797376915304, -0.6246593086214061, 0.19357448113899964]"
traveler (traveler.292),292,150.0,0.5692252081588937,4,,,2.128965051091975,2.0683167778424147,,,,,,4,,,,,,,,,"[7.636718146573038, 2.410096403477247, -0.6407497094081864, -0.06466969930483382]"
traveler (traveler.293),293,150.0,0.6224308127105762,4,,,3.1154576777930307,2.5929083605342296,,,,,,4,,,,,,,,,"[-0.7481610887992065, 1.0397961949004624, 0.7074844460088625, 1.138824482288072]"
traveler (traveler.294),294,150.0,0.6585161611300584,4,,,2.2784956886247434,1.8798553600073267,,,,,,4,,,,,,,,,"[-0.11747251572987083, 1.506208403633251, -0.6717312683549748, -0.5882283879565281]"
traveler (traveler.295),295,150.0,0.8667375718865664,2,,,1.8829889839906806,1.8912870753442408,,,,,,2,,,,,,,,,"[1.380332395510139, -0.23957602549593643, 0.6449195517295001, -0.8576993944243123]"
traveler (traveler.296),296,150.0,0.7650986962137926,2,,,2.8511436480797707,1.820239635341045,,,,,,2,,,,,,,,,"[0.19293469216395176, 0.6233153129309187, 0.973676341180631, -0.7522754822738064]"
traveler (traveler.297),297,150.0,0.7561448954663426,1,,,2.5514444461135546,3.2543928498493844,,,,,,1,,,,,,,,,"[0.08382982161478268, 1.0744870612236266, -0.23673180161184193, 0.2511723258477028]"
traveler (traveler.298),298,157.5,1.2563571726800304,3,,,1.7294376386747023,1.5076961187955873,,,,,,3,,,,,,,,,"[0.7756975065457798, -0.1708612719785463, 0.9460047280785313, 2.511391437976125]"
traveler (traveler.299),299,157.5,2.4320028101223627,1,,,0.4458779388146755,1.1979937687572983,,,,,,1,,,,,,,,,"[0.04652486246545108, 1.6190175129500095, 2.1417794296546733, 1.9189959253926014]"
traveler (traveler.300),300,157.5,2.4342399431698163,1,,,0.06709307552817512,2.419451891515463,,,,,,1,,,,,,,,,"[-0.9065587250537497, -0.31724995104730774, -0.988565446715006, -0.07716583965074325]"
traveler (traveler.301),301,157.5,2.0327356512524637,2,,,2.251614717625446,0.48249684526331105,,,,,,2,,,,,,,,,"[2.335780589642502, -0.12097316738213686, 2.716456432484089, -0.21859745146833331]"
traveler (traveler.302),302,157.5,0.18200532711093978,4,,,2.491580251136001,2.681810469791559,,,,,,4,,,,,,,,,"[1.358105503373726, 1.2852946535971244, 0.8007034001906209, 0.8253923965131156]"
traveler (traveler.303),303,157.5,0.4632926244097058,4,,,2.1323945028311697,2.7819685342084997,,,,,,4,,,,,,,,,"[4.667285939229056, -0.762667079890188, -0.2753092543911333, 1.1553374853818348]"
traveler (traveler.304),304,157.5,0.37467623801774164,4,,,2.523284785308003,2.1260479949134012,,,,,,4,,,,,,,,,"[-1.600081354041847, 0.06521462948089761, -0.23750510404254538, 1.1052061207505688]"
traveler (traveler.305),305,157.5,0.4820435364900189,4,,,2.044831570193443,2.3412937569619974,,,,,,4,,,,,,,,,"[-0.19245589485209552, 0.43198048111843595, -0.1677174901369031, 5.40709763924054]"
traveler (traveler.306),306,157.5,0.9001690523049395,1,24.220436150121714,1.266321374165304,1.6223755580407693,2.7001990549511206,,,,,2.576655010932535,0,-0.2935199038736409,0.5590746614918487,normal,,,,,,"[4.390857082060534, 1.3951517351647662, -0.4504879795137027, -0.4174521187538565]"
traveler (traveler.244),244,135.0,0.8948438598525158,,,,3.1207735086965473,3.1445042935592644,SAV (sav.1),1,5.810913475705226,1.0,3.2404412335932054,,,,,2.9,3.3,,,,
traveler (traveler.260),260,142.5,0.8740194672122227,,,,2.1944107195311187,3.318856043959162,SAV (sav.1),2,9.32507091992406,1.6047512940798605,1.1553036602075524,,,,,2.1,3.3,,,,
traveler (traveler.241),241,135.0,2.8943763102366122,,,,0.7977616538498011,0.15910298429112013,SAV (sav.1),3,21.065556229785905,1.7460165487657324,1.417110183892833,,,,,0.8999999999999999,0.09999999999999964,181.7204361501217,"[2.0, 5.810913475705226, 9.32507091992406, 21.065556229785905, 31.13047980950641]","[1.2649110640673515, 2.3962819139658276, 7.229500303403658, 11.308715914277887]",
traveler (traveler.307),307,157.5,0.8867076358600591,0,24.220436150121714,1.266321374165304,1.9936969904693413,1.7720524098310835,SAV (sav.1),,,,1.5410485592851417,0,-0.15230111174222571,0.7868268996365879,normal,,,,,,"[4.610040265334676, 0.9380826083326237, -0.8276517718801301, 0.07660102536850202]"
traveler (traveler.250),250,135.0,0.9137356012372281,,,,1.5875859870929825,2.549126551062245,SAV (sav.2),1,5.514157444218836,1.0,1.4721573549273816,,,,,1.7,2.5,,,,
traveler (traveler.291),291,150.0,0.9630420464904647,,,,1.9937361588773437,1.6807644377346183,SAV (sav.2),2,9.325070919924062,1.6047512940798607,1.2958894833882024,,,,,2.1,1.7,,,,
traveler (traveler.256),256,142.5,3.171777274077312,,,,4.699310156623072,0.21456658129625272,SAV (sav.2),3,18.75781134703974,1.577759832928576,4.177599263527704,,,,,4.5,0.5,184.6175697100607,"[2.0, 5.514157444218836, 9.325070919924062, 18.75781134703974, 28.646700235928634]","[1.1313708498984762, 2.3962819139658285, 6.1910151061678835, 10.191015106167885]",
traveler (traveler.308),308,157.5,0.8012220945312515,0,27.117569710060707,1.266321374165304,3.3009175255888117,2.5220898612431295,SAV (sav.2),,,,0.26530689871231183,0,1.1651888882964485,2.3640507048134696,normal,,,,,,"[6.132847041123252, 0.9896423258688839, 1.4422318452971397, -0.06044030324941621]"
traveler (traveler.309),309,157.5,0.9425683916132535,1,27.117569710060707,1.266321374165304,2.119839866035747,3.362504171243639,,,,,6.100264200118492,0,-0.5303582233419779,0.7460039886280492,normal,,,,,,"[4.604776307807901, 1.1844567259152967, -0.821311088295884, 0.822353136334845]"
traveler (traveler.310),310,157.5,0.5925267124339312,4,,,2.2336429287243176,3.0292842483290086,,,,,,4,,,,,,,,,"[0.27129132892873536, -1.2903671490457496, 0.5776590282490396, -0.4809026050680841]"
traveler (traveler.311),311,157.5,0.3699981152212397,4,,,2.783212081739509,2.2619043847021887,,,,,,4,,,,,,,,,"[0.19519230914760352, 4.288119654702991, 0.5334682951651477, 1.498807470024783]"
traveler (traveler.312),312,157.5,0.37747617169849546,4,,,2.867674481819002,2.5854618957154614,,,,,,4,,,,,,,,,"[2.4412162983773213, 1.6116508114361385, 1.1489456315983533, 0.3391341149033366]"
traveler (traveler.313),313,157.5,0.8810957023484918,3,,,2.248886437004014,3.3445540925106236,,,,,,3,,,,,,,,,"[-1.4764943952585823, 1.350213779495937, 0.792822446306475, 2.5865342370800537]"
traveler (traveler.314),314,157.5,0.8260619627748411,3,,,3.3202783840897454,2.4024206018744767,,,,,,3,,,,,,,,,"[0.1559950594107238, 2.4725695059728867, 0.9533069036982244, 3.2844553162730334]"
traveler (traveler.315),315,157.5,0.19118522418996878,4,,,2.652693162840527,2.6150503714480093,,,,,,4,,,,,,,,,"[2.4154987935709626, 0.4337640407240814, -0.3316502624547042, -1.1528503263356698]"
traveler (traveler.316),316,165.0,1.4847895329699117,2,,,1.7737463381371272,1.2049495855960752,,,,,,2,,,,,,,,,"[0.4308058273567266, -0.11930945433801025, 1.4152207539282262, -0.6362501182190063]"
traveler (traveler.317),317,165.0,1.7696524150607187,2,,,1.0797892926774537,1.4442200906739004,,,,,,2,,,,,,,,,"[-0.9751913203086859, -0.5121191815281667, 0.9251533963165229, 0.05063898292060854]"
traveler (traveler.318),318,165.0,1.3227443368090943,1,,,3.353917712689583,3.5101866760730522,,,,,,1,,,,,,,,,"[-0.17959779273709514, -0.08572968515625408, 0.07143556511509343, -0.9909846441791099]"
traveler (traveler.319),319,165.0,2.533060973856854,1,,,3.358895373758084,0.11699839819323765,,,,,,1,,,,,,,,,"[-0.4662453053366564, 0.23582961653238937, -0.5367865864206639, -0.14728446943938317]"
traveler (traveler.320),320,165.0,1.2744986547002557,0,19.617569710060707,1.266321374165304,3.7744986525358892,2.4999257237301187,SAV (sav.2),,,,0.8939842747578646,0,-1.372956731357231,-1.1029671809299204,normal,,,,,,"[2.9671000379546415, -0.43277936748359713, -0.04839258969161433, 1.2296461054883259]"
traveler (traveler.321),321,165.0,2.231242702569506,0,16.720436150121714,1.266321374165304,3.9873176933363323,0.8367711892651797,SAV (sav.1),,,,3.5303122914540084,0,-2.2387991056015277,-2.0980359170330782,normal,,,,,,"[2.5810602459361176, -1.4281184583698345, 1.0030455924406383, -0.5233256467739232]"
traveler (traveler.322),322,165.0,2.6041899938652344,1,,,3.683425398535775,4.81976504203513,,,,,,1,,,,,,,,,"[1.3081919155094683, 1.2838352323254079, -0.2522776934332914, 2.2469674035864515]"
traveler (traveler.323),323,165.0,0.48498373624247054,4,,,2.7909356442480417,2.8880279311153814,,,,,,4,,,,,,,,,"[0.23304305546174636, 0.7345724011195317, 0.4415409852718985, 0.814771918506371]"
traveler (traveler.324),324,165.0,0.710955561932021,0,19.617569710060707,1.266321374165304,3.1750998432508726,2.2770694891121384,SAV (sav.2),,,,4.249049640514734,0,2.031621027146559,2.623428447457268,normal,,,,,,"[6.334764346822056, 2.038267589370178, -0.007941630240478581, -0.2971789543927704]"
traveler (traveler.325),325,165.0,0.6302379402700158,4,,,1.8742951897751265,2.4245456971588295,,,,,,4,,,,,,,,,"[-2.290173426197805, -0.8569004326097281, -0.7803372080180161, 0.10251642666726686]"
traveler (traveler.326),326,165.0,0.8430709733384237,3,,,1.6603849481709394,2.4237423392184025,,,,,,3,,,,,,,,,"[1.1038489171586647, -1.5391219051943372, -0.48539075381162883, 2.171967719932514]"
traveler (traveler.278),278,150.0,1.5153232948696371,,,,1.6928217417152747,1.2175539203042451,SAV (sav.0),1,8.621826951410453,1.0,0.9930957741753503,,,,,1.7,1.2999999999999998,,,,
traveler (traveler.283),283,150.0,2.9188633833598896,,,,0.20945513183206088,4.3091897793290395,SAV (sav.0),2,22.00261653112967,1.7165273163423909,2.6396990609442463,,,,,0.09999999999999964,4.5,196.45354257031104,"[2.0, 8.621826951410453, 22.00261653112967, 32.8207152130739]","[2.039607805437114, 7.0992520617065225, 11.517396468581428]",
traveler (traveler.327),327,165.0,0.9188078779979004,0,31.453542570311043,1.266321374165304,1.6379729886489134,2.8179895412936062,SAV (sav.0),,,,1.2339049510845044,0,2.128957180448528,3.992598382687508,normal,,,,,,"[7.836245611149216, -0.17631316018119314, 0.197860056078812, 0.37955201579063746]"
traveler (traveler.328),328,165.0,0.9678166614950978,2,,,2.555182732095489,1.5337578169289057,,,,,,2,,,,,,,,,"[0.11062913538174918, 1.015350703357785, 4.210449227093796, -0.25047111942887795]"
traveler (traveler.329),329,165.0,0.977118911050386,2,,,2.5335753489824233,1.523458110333714,,,,,,2,,,,,,,,,"[-1.4915261716956365, 0.6493578977931364, 4.538838963433522, 0.5699877424290457]"
traveler (traveler.330),330,165.0,0.8484333777481808,2,,,1.8731158013523839,3.0717126882999217,,,,,,2,,,,,,,,,"[-0.5287186965489239, 1.2692872292251303, 2.323723457813712, -0.3798974944897461]"
traveler (traveler.331),331,165.0,0.46071503988365,4,,,2.106642067197324,2.739849712687338,,,,,,4,,,,,,,,,"[-0.826303537029195, 0.37710510066870273, 0.5338534186304225, 2.812538255100209]"
traveler (traveler.332),332,165.0,0.4592891541546127,4,,,2.0536375147974755,2.6081991632494708,,,,,,4,,,,,,,,,"[0.7074468192375575, 0.12615246527647786, 1.219501389251954, -1.3565084509067038]"
traveler (traveler.333),333,165.0,0.3564741737182726,4,,,2.4542443976317134,2.853525474867145,,,,,,4,,,,,,,,,"[0.3492462943230178, -0.47265257658356724, 1.7714700567774773, 0.18938815438969245]"
traveler (traveler.334),334,165.0,0.7960953505874521,1,,,3.0455352834762177,3.079792257372829,,,,,,1,,,,,,,,,"[-3.0501480105287997, 0.7851980549359149, 0.27763374741566604, 0.27311442655320967]"
traveler (traveler.335),335,165.0,0.834958657780574,1,,,2.6525811852291996,1.6791011377052651,,,,,,1,,,,,,,,,"[-0.5826801990939287, 1.9894158048535142, 0.26451313112190417, 1.222802585481987]"
traveler (traveler.336),336,165.0,0.5356137326076258,4,,,1.9831860769985996,2.3593392750275477,,,,,,4,,,,,,,,,"[0.8631739166984889, 0.548468075974945, 1.726052447160877, 0.14019040481556766]"
traveler (traveler.337),337,165.0,0.9703335049867131,3,,,2.897332260572405,1.6147462591955783,,,,,,3,,,,,,,,,"[-1.215989421973894, -0.2908168001229412, -1.0837476846929184, 1.6068473182988272]"
traveler (traveler.338),338,165.0,0.568932219744652,4,,,2.7422772295216964,3.0147675346395384,,,,,,4,,,,,,,,,"[1.9315103978246924, -1.1324486871662292, -0.4477759686731155, -0.3139338385445864]"
traveler (traveler.339),339,165.0,0.5570202818681494,4,,,1.9430187898280142,2.493402581730492,,,,,,4,,,,,,,,,"[3.4457249247831667, -0.5675703671357035, 2.6055442708646823, -0.6641872428468103]"
traveler (traveler.340),340,165.0,0.7162881333221502,3,,,1.8654894174852001,2.83236276959801,,,,,,3,,,,,,,,,"[-3.2635301587240564, -1.1048717962688626, 1.768618475734351, 2.048580680540418]"
traveler (traveler.341),341,165.0,0.21983940771933885,4,,,2.5574880043129804,2.71218976070136,,,,,,4,,,,,,,,,"[0.5623611189592886, -1.1073400964659834, 0.31839780675344637, 0.29066098089463]"
traveler (traveler.342),342,172.5,1.7770958149126934,1,,,4.271624262737234,2.360655078811739,,,,,,1,,,,,,,,,"[-1.4944520263313215, -0.20999629103920256, 0.1769895912893904, -1.141241176822761]"
traveler (traveler.343),343,172.5,1.7303201973852405,1,,,1.6984586225097082,0.9665270117637342,,,,,,1,,,,,,,,,"[0.6008495175205968, 1.1214796778693936, 0.14708832241287276, -0.08550565324546154]"
traveler (traveler.344),344,172.5,2.2541908961438666,3,,,0.7358736167319152,3.9032942314836734,,,,,,3,,,,,,,,,"[0.9468720987522312, -0.17293406910195738, -0.8082132547718817, 1.660708300357043]"
traveler (traveler.345),345,172.5,2.957767638295019,0,23.953542570311043,1.266321374165304,0.44131313117624194,4.623722622725936,SAV (sav.0),,,,5.269405407612362,0,0.8937523122154367,2.155303718244568,normal,,,,,,"[7.296879596077413, 0.9317438773990521, 2.236149103072017, -0.5553435143002213]"
traveler (traveler.346),346,172.5,2.3597310776384397,3,,,2.974604759573455,4.811510562589515,,,,,,3,,,,,,,,,"[0.9446538070526393, -0.7246306986232965, 1.323644724147301, 1.7750352758041519]"
traveler (traveler.347),347,172.5,1.962329279929773,0,12.117569710060707,1.266321374165304,3.1670897020938544,4.345461333171203,SAV (sav.2),,,,2.4459799558050364,0,4.582861587729223,4.012543563882578,normal,,,,,,"[8.520459087468435, 2.65938777089714, 0.6163865664630284, 0.45022033013657325]"
traveler (traveler.348),348,172.5,2.4751733464702492,1,,,4.427397695716408,4.052939540878463,,,,,,1,,,,,,,,,"[0.893235098144115, 1.9988932415701928, -0.9177734061269291, 0.42564635560352854]"
traveler (traveler.349),349,172.5,1.7259402059341589,0,23.953542570311043,1.266321374165304,1.3478637188260145,3.78508816198058,SAV (sav.0),,,,3.8223419245098933,0,-2.601125395118975,-1.4783763183890328,normal,,,,,,"[2.87906239956702, -1.7337755480145274, 0.1886366604890062, 0.4427135516823326]"
traveler (traveler.350),350,172.5,0.6349535499646912,4,,,2.8867630239117594,1.996432354149519,,,,,,4,,,,,,,,,"[1.1154793867282238, 3.479898144002324, 0.06907327858493041, 1.0350199129918027]"
traveler (traveler.351),351,172.5,0.5550693513997926,4,,,2.387654263899477,3.04358110751149,,,,,,4,,,,,,,,,"[0.24957574152889597, -0.06523495719238682, -0.1202271872526555, -1.5509231836700401]"
traveler (traveler.352),352,172.5,0.9513730399118225,1,,,2.427136193662909,1.5514213122797176,,,,,,1,,,,,,,,,"[0.2846008904111312, 0.34158989628592623, -0.3326315878524964, 0.33111816108163233]"
traveler (traveler.353),353,172.5,0.7843779546739259,3,,,2.9440936101914117,3.146552117903584,,,,,,3,,,,,,,,,"[0.5469558824445699, 0.7121065102845168, -0.855383728669859, 2.41150667732524]"
traveler (traveler.354),354,172.5,0.6955561634208279,4,,,2.588184515071683,3.1899433801220747,,,,,,4,,,,,,,,,"[3.4709185418755886, -0.3037423847194779, 0.2767562083595123, -1.358541034195455]"
traveler (traveler.355),355,172.5,0.5243294016610096,4,,,3.0242037713805,2.48852273914852,,,,,,4,,,,,,,,,"[1.1695270156138156, 0.11439949300934399, 0.23208131380355113, 0.5807152576432449]"
traveler (traveler.356),356,172.5,0.8626295278026762,3,,,1.7885062625805699,2.9877564595676813,,,,,,3,,,,,,,,,"[2.456884872046279, -0.4241158100166573, -0.8854047233847786, 2.7760815016838754]"
traveler (traveler.357),357,172.5,0.9189690856418732,2,,,1.5828805028596664,2.558275280612984,,,,,,2,,,,,,,,,"[-0.4845747532939979, 0.13059292250896126, 1.1040857929026247, 0.7981026711564131]"
traveler (traveler.358),358,172.5,0.4866329948034794,4,,,2.036518532839558,2.3516874879512617,,,,,,4,,,,,,,,,"[0.4572703934436267, 0.8130728056243296, 3.0541703412718015, 0.9129308124973045]"
traveler (traveler.359),359,172.5,0.47739185527341005,4,,,2.699926046446179,2.933511890764012,,,,,,4,,,,,,,,,"[0.15435039516396634, 0.0017740029459076656, 1.547355931382861, 0.6946016474946652]"
traveler (traveler.360),360,172.5,0.8137614624685744,1,,,1.7882034676013132,2.105597395718286,,,,,,1,,,,,,,,,"[2.7124943786745095, 1.0091298621019138, 0.31610413713425445, -0.46565013733157884]"
traveler (traveler.361),361,172.5,0.8063712948463015,1,,,2.2477026621451843,3.2658855779184472,,,,,,1,,,,,,,,,"[2.1893339682765847, 0.8920357984986426, 0.6036763523803844, 0.9721523313592603]"
traveler (traveler.362),362,172.5,0.5211384242870738,4,,,3.0134562790620625,2.4108489665783086,,,,,,4,,,,,,,,,"[1.225969751421869, -0.10630054917503756, -0.666928005451659, 0.35248086478480317]"
traveler (traveler.363),363,180.0,2.768496156901179,1,,,0.30219659540568433,4.183517497839043,,,,,,1,,,,,,,,,"[-0.5846642616109308, 0.545166123607667, -0.7981163086280334, 1.1012368267950599]"
traveler (traveler.364),364,180.0,1.2791666321937327,2,,,1.7309652378741114,1.4778195816981066,,,,,,2,,,,,,,,,"[3.1787371254824137, 0.4540661946213356, 2.9871024222960174, 0.45380353391437755]"
traveler (traveler.365),365,180.0,2.3250488299466703,1,,,0.2201332842685344,2.9561357474877425,,,,,,1,,,,,,,,,"[0.5596967056481036, 1.4073609051865106, -0.27356400395031216, 1.252885573965945]"
traveler (traveler.366),366,180.0,2.722111157172935,0,16.453542570311043,1.266321374165304,0.580672067728214,4.430302940060623,SAV (sav.0),,,,1.2793183440044784,0,-0.9884730923993175,-1.0988258375114555,normal,,,,,,"[3.892739577038009, 1.1165816723599604, 1.1037214983348258, 1.2800885559847583]"
traveler (traveler.367),367,180.0,2.119792398345023,1,,,1.559330728720492,4.39964763420794,,,,,,1,,,,,,,,,"[-0.7900295570594119, 2.175614570737695, 1.226882749993128, 0.9556224394169975]"
traveler (traveler.368),368,180.0,1.8213636887192781,2,21.438570187784478,1.266321374165304,3.017042542955763,4.246434280286245,,,,,2.249542523236296,0,-2.3983495767044998,-2.282278354752876,normal,,,,,,"[2.135903529665438, -1.0458651548008917, 0.7129046340571304, -0.9435791239281511]"
traveler (traveler.369),369,180.0,2.3393671485638174,1,,,0.7760401320968258,4.081328880922269,,,,,,1,,,,,,,,,"[0.25256993172614806, 1.5813187263122774, -0.06054669158948931, 0.12463534256937399]"
traveler (traveler.370),370,180.0,0.5267161012084906,4,,,3.0155090535513676,2.391924716151906,,,,,,4,,,,,,,,,"[-2.301862841451494, -0.2915358170448104, 0.3760139213134433, -0.1454712831408767]"
traveler (traveler.371),371,180.0,0.37445438689022736,4,,,2.874433270834226,2.503976625921467,,,,,,4,,,,,,,,,"[-1.5947672680706058, -0.9166873490681396, -0.18523167642211805, 0.21745217622466081]"
traveler (traveler.372),372,180.0,0.6665534255155695,4,,,2.7660399481080535,1.8888402704061695,,,,,,4,,,,,,,,,"[5.737866487880401, 0.6631595645134009, -1.7068211556153354, -0.7400701801659677]"
traveler (traveler.373),373,180.0,0.5387047654047897,4,,,2.8701878716254026,2.8913614237137892,,,,,,4,,,,,,,,,"[-2.2582178298125886, 2.783506681599038, -0.37136977711475816, 1.0729700257442416]"
traveler (traveler.374),374,180.0,0.7727916104116123,1,,,3.166974103145665,2.8903234797646804,,,,,,1,,,,,,,,,"[-1.3983913931889587, 0.45532450021253407, -0.2516886572574392, -0.7797994864725186]"
traveler (traveler.375),375,180.0,0.5689992916229094,4,,,3.0143740708132682,2.2567316108855087,,,,,,4,,,,,,,,,"[-0.47448250763307737, 3.6098783865673867, 0.016163765304510205, 0.8259339418559475]"
traveler (traveler.376),376,180.0,0.841292400608409,1,,,3.0978587209083805,1.9081065525322527,,,,,,1,,,,,,,,,"[0.8331905270317534, 0.5600928353772311, 0.54116322406322, 0.18814189152381772]"
traveler (traveler.377),377,180.0,0.6656188381486362,4,,,2.567788465093906,1.8378420417313157,,,,,,4,,,,,,,,,"[2.012066238488296, 1.2611132886741605, 0.37130591638538774, -0.3365957103682192]"
traveler (traveler.378),378,180.0,0.7909333970653958,3,,,2.658926022521142,1.7251979878968973,,,,,,3,,,,,,,,,"[1.6515818719204105, -0.5635223433766563, -0.5307788782353785, 1.5035484396199101]"
traveler (traveler.379),379,180.0,0.8454403408939578,1,,,2.7577176642035024,3.3052024438415364,,,,,,1,,,,,,,,,"[-1.4614138043148481, 3.1598757549035907, -0.6385772193631349, 0.42621514308227226]"
traveler (traveler.380),380,180.0,0.48612346450353905,4,,,2.3973963351754515,2.9751720853601307,,,,,,4,,,,,,,,,"[7.831125624589611, -0.30201860613111986, -0.18235855965622982, 0.1170031052001958]"
traveler (traveler.381),381,180.0,0.5277069506926434,4,,,3.0212815196568035,2.4179012602190406,,,,,,4,,,,,,,,,"[2.850854958929577, 0.8186591432289523, 1.247529804780132, 0.7352764642378973]"
traveler (traveler.382),382,180.0,0.45614382843121554,4,,,2.8831366192677352,2.2524651071222954,,,,,,4,,,,,,,,,"[3.8146039052854865, -0.6261542164564196, 0.22941345022936435, 0.9694213360417566]"
traveler (traveler.383),383,180.0,0.9808775287264105,1,,,2.052351591717543,3.3727723809348076,,,,,,1,,,,,,,,,"[-1.0060092211311535, 0.11828328763677456, 0.23505809963739233, -0.25612216668022236]"
traveler (traveler.384),384,180.0,0.47660294806106623,4,,,2.0371944241123474,2.386151991551026,,,,,,4,,,,,,,,,"[3.3942601958035206, 0.7559829604054045, -0.6046069054354745, -0.43527698715088525]"
traveler (traveler.385),385,180.0,0.7476861931743047,1,,,2.549600327662895,3.2460391752175064,,,,,,1,,,,,,,,,"[0.9854398143461074, 2.610789544793139, -0.6502039545041669, 0.4850249787518452]"
traveler (traveler.386),386,180.0,0.7913217492276104,3,,,2.1669814195019104,3.217836148326122,,,,,,3,,,,,,,,,"[-1.401544247619785, -0.5230616410463967, -0.3302249551612762, -0.07959918747308156]"
traveler (traveler.387),387,180.0,0.6161986360937785,4,,,3.102989229208318,2.6269044860617274,,,,,,4,,,,,,,,,"[-0.9349108943762487, 1.1755849936275868, -0.7502720595476797, -0.6225659861198052]"
traveler (traveler.388),388,187.5,1.167117976935692,3,,,2.069651642326038,1.41511997753955,,,,,,3,,,,,,,,,"[-1.9677352149941978, -0.497144000481494, -0.2495872303310395, 0.35146693983965255]"
traveler (traveler.389),389,187.5,2.848393168494172,1,,,4.955432033645143,1.0563251160758014,,,,,,1,,,,,,,,,"[-0.25883908888917406, 0.03912885019306287, -1.4581322518273536, 0.11534867244339606]"
traveler (traveler.390),390,187.5,2.4094563475666,1,,,0.30620326429133427,3.4963612664204597,,,,,,1,,,,,,,,,"[1.128466143030594, 1.6948891783050577, 0.8485997565811416, 0.3930022265163608]"
traveler (traveler.391),391,187.5,2.2539267684520037,1,,,0.4106208420939289,1.6546121528835362,,,,,,1,,,,,,,,,"[-0.37707296574235216, -0.09635471107028036, -0.4376797665188267, 0.9223719201652122]"
traveler (traveler.392),392,187.5,2.5461106622064373,1,,,0.055813499264478206,3.2131843056486513,,,,,,1,,,,,,,,,"[-0.7645857448145886, -0.07452680427388168, 0.707443855324734, 0.752449569930362]"
traveler (traveler.393),393,187.5,1.3822471606071292,1,,,3.8725581031261624,2.6633752323615223,,,,,,1,,,,,,,,,"[-0.16838886645603868, 1.3351615840059305, -0.654451635383578, 0.2681977356532674]"
traveler (traveler.394),394,187.5,0.7160246594109404,1,,,2.939392514245341,1.9346456586266354,,,,,,1,,,,,,,,,"[0.6216261624559904, 3.5873615480320553, 1.0243550561950303, 2.590353074340166]"
traveler (traveler.395),395,187.5,0.27845967791181103,4,,,2.7397369098990607,2.3583454686400778,,,,,,4,,,,,,,,,"[0.04420228656177556, 0.9756293314588432, 1.8439805824108497, 0.35723247824901005]"
traveler (traveler.396),396,187.5,0.7999126528821914,2,,,1.747452397343886,2.2288314952330177,,,,,,2,,,,,,,,,"[-2.109773117737427, -1.0615220967358059, -0.2986996575833793, -1.0925687357557035]"
traveler (traveler.397),397,187.5,0.6944990012337885,4,,,2.911354069712238,3.0595683086504355,,,,,,4,,,,,,,,,"[2.3183156955241926, -0.8473985487341059, 0.4455862160504989, -0.37282612355745887]"
traveler (traveler.398),398,187.5,0.49918509706066655,4,,,2.0168343110386804,2.6254459171834634,,,,,,4,,,,,,,,,"[2.036920707447278, -1.058227525435083, 1.1308159597285243, -0.0019853831560284274]"
traveler (traveler.399),399,187.5,0.48615781529359536,4,,,2.9819777885871144,2.5636147206212248,,,,,,4,,,,,,,,,"[1.4798883235097586, -1.1021509153018343, -0.9401270760605578, 2.455310466040307]"
traveler (traveler.400),400,187.5,0.6501129601659407,4,,,2.54266199324063,1.8512883419357578,,,,,,4,,,,,,,,,"[2.2920189471496593, -0.19178485100124187, 0.12866127088701584, 1.1147432839685982]"
traveler (traveler.401),401,187.5,0.38188033921997716,4,,,2.7165241298240836,2.8145630218043567,,,,,,4,,,,,,,,,"[-0.6998852086906681, -0.1358788255652638, 0.06413773210976306, -0.4423480659134156]"
traveler (traveler.402),402,187.5,0.9879906374320697,2,,,1.8494565595113999,1.75641494656584,,,,,,2,,,,,,,,,"[1.0245594299457885, -0.3131143687091771, 0.21792709443860592, -0.5974401690227276]"
traveler (traveler.403),403,187.5,0.16112187341228085,4,,,2.463503586947448,2.343066033229958,,,,,,4,,,,,,,,,"[-1.9487768399381815, 0.2509461745465167, -0.9727904175640864, 1.4480703458631001]"
traveler (traveler.307),307,157.5,0.8867076358600591,,,,1.9936969904693413,1.7720524098310835,SAV (sav.1),1,5.810913475705226,1.0,1.5410485592851417,,,,,2.1,1.7,,,,
traveler (traveler.321),321,165.0,2.231242702569506,,,,3.9873176933363323,0.8367711892651797,SAV (sav.1),2,12.432740427115679,1.3389567474009483,3.5303122914540084,,,,,3.7,0.8999999999999999,201.43857018778448,"[2.0, 5.810913475705226, 12.432740427115679, 19.718134037662768]","[1.2649110640673518, 3.794733192202056, 6.623160316948246]",
traveler (traveler.404),404,195.0,1.2262754930936521,0,6.438570187784478,1.266321374165304,2.04483872310532,3.6386745790513126,SAV (sav.1),,,,0.98980534254907,0,6.568026429359572,5.109028889616403,normal,,,,,,"[9.148398973505351, 0.7128961919221081, 1.1889344618226438, -0.008278669349083922]"
traveler (traveler.405),405,195.0,1.9411640527752287,1,,,0.7004151994951291,1.7722552469590762,,,,,,1,,,,,,,,,"[-0.9088511696145767, 1.1654178363056131, -0.9357837247093822, 0.4370003964022554]"
traveler (traveler.406),406,195.0,1.1376471038909326,0,6.438570187784478,1.266321374165304,1.368277949139518,2.3840425397502547,SAV (sav.1),,,,1.61479211460264,0,1.6298912005379176,0.23084239197012746,normal,,,,,,"[4.213794822242869, 0.9903758949833105, 0.4254015150439996, -1.2315573150238532]"
traveler (traveler.407),407,195.0,3.0518933748677126,0,6.438570187784478,1.266321374165304,4.37762346147848,4.905947486639517,SAV (sav.1),,,,1.4702517226680685,0,2.6413233958452844,1.2284102728831297,normal,,,,,,"[6.429903218487365, 4.240569408378619, 1.0367606733548407, 0.4625520238891866]"
traveler (traveler.408),408,195.0,2.283000624556723,1,,,3.2892487349852937,0.35776325163382083,,,,,,1,,,,,,,,,"[0.4395613198346464, 0.29001918985504743, 1.1530729082083886, 0.7454788858406273]"
traveler (traveler.409),409,195.0,0.9262018257510057,1,,,3.125235818611605,3.1833227591333193,,,,,,1,,,,,,,,,"[2.5398615480848363, 1.1015673113178777, 0.8562793652592399, -0.624447766451839]"
traveler (traveler.410),410,195.0,0.4606365297982775,4,,,2.9138370938307654,2.70229896775393,,,,,,4,,,,,,,,,"[-0.16100075829037422, 0.8793823345161446, 0.7653115352299852, -0.2310405382347208]"
traveler (traveler.411),411,195.0,0.14387647940432957,4,,,2.4223664881957143,2.621134137098996,,,,,,4,,,,,,,,,"[3.256722890858701, 1.9166435464884193, -0.5570876556445279, 1.7815903471921124]"
traveler (traveler.412),412,195.0,0.8141143322634469,1,,,2.416899365677293,1.690138017578352,,,,,,1,,,,,,,,,"[0.25553825326640534, 0.7681641084779837, 0.2261825470926887, 0.653659971929479]"
traveler (traveler.413),413,195.0,0.4039447204243522,4,,,2.108555892850556,2.599713831220562,,,,,,4,,,,,,,,,"[-1.5530683120133566, -0.35753805378211145, 0.5152351053725088, 1.0005175023294477]"
traveler (traveler.414),414,195.0,0.6300931484645242,4,,,2.7953542967425924,3.056581723682718,,,,,,4,,,,,,,,,"[-0.7254938504882572, 0.512863724807427, -0.3985361031772247, 0.18220487678374536]"
traveler (traveler.415),415,195.0,0.21384484912123114,4,,,2.713378817531704,2.514110270176499,,,,,,4,,,,,,,,,"[0.286622508577974, -0.12260447112118489, 0.6119345127010805, 0.8368959071890829]"
traveler (traveler.416),416,195.0,0.4098456354964219,4,,,2.1532543865149103,2.2815030332834922,,,,,,4,,,,,,,,,"[-0.08106503948596096, 1.5397521712970756, -0.6754174867085491, 2.669312611156794]"
traveler (traveler.417),417,195.0,0.9481224653030138,0,6.438570187784478,1.266321374165304,2.223647963098136,3.4069541118008426,SAV (sav.1),,,,1.961844060203875,0,2.3145445534522637,0.9487849675065441,normal,,,,,,"[4.811092810782079, 0.5790309032666606, -0.13062335560470353, -1.3891843837368973]"
traveler (traveler.418),418,195.0,0.7270550939566467,1,,,2.922802929439749,3.091478480171067,,,,,,1,,,,,,,,,"[-0.3761225757010321, 2.8539912003949097, -0.10027733098442006, 1.5132046770209848]"
traveler (traveler.419),419,195.0,0.588418116718364,4,,,2.988074285923998,2.8286630059835844,,,,,,4,,,,,,,,,"[2.1749089630777423, 0.45824083289060547, 2.670228216576559, -0.09045702793916413]"
traveler (traveler.420),420,195.0,0.21274408451416452,4,,,2.2918553330834923,2.5439982173500932,,,,,,4,,,,,,,,,"[7.026537991558082, 1.0152268528228068, -0.15322014238301263, -0.6019748731380107]"
traveler (traveler.421),421,195.0,0.977432530223863,2,,,2.9833730286906492,3.3495439166248273,,,,,,2,,,,,,,,,"[2.0559904026223887, -0.7086116071385368, 0.7899915880751377, 0.4329224601983711]"
traveler (traveler.422),422,202.5,2.3112928287727215,1,,,4.778736385665665,2.1134317330928596,,,,,,1,,,,,,,,,"[-1.316920113830785, 0.8593600039936512, -0.3406694464296095, -0.26679480817884027]"
traveler (traveler.324),324,165.0,0.710955561932021,,,,3.1750998432508726,2.2770694891121384,SAV (sav.2),1,4.2570787221094175,1.0,4.249049640514734,,,,,2.9,2.5,,,,
traveler (traveler.320),320,165.0,1.2744986547002557,,,,3.7744986525358892,2.4999257237301187,SAV (sav.2),2,7.771236166328254,1.1476835212117933,0.8939842747578646,,,,,3.7,2.5,,,,
traveler (traveler.308),308,157.5,0.8012220945312515,,,,3.3009175255888117,2.5220898612431295,SAV (sav.2),3,7.771236166328254,1.1476835212117933,0.26530689871231183,,,,,3.3,2.5,,,,
traveler (traveler.347),347,172.5,1.962329279929773,,,,3.1670897020938544,4.345461333171203,SAV (sav.2),4,15.181105100486459,1.5539164600655109,2.4459799558050364,,,,,3.3,4.5,207.5682509046484,"[2.0, 4.2570787221094175, 7.771236166328254, 7.771236166328254, 15.181105100486459, 22.95068119458771]","[0.5656854249492379, 1.6970562748477143, 2.262741699796953, 5.091168824543143, 8.137478066888706]",
traveler (traveler.423),423,202.5,1.4104416761729208,0,5.0682509046484086,1.266321374165304,1.1652225540012784,2.044242507973146,SAV (sav.2),,,,1.7502672746918024,0,-0.9759022563575306,-2.5426876978223856,normal,,,,,,"[1.613915972485689, -1.477029060408112, -0.6170142616395478, -0.1635118626087711]"
traveler (traveler.424),424,202.5,0.7655325217634917,1,,,3.2592756616771075,2.5976755417817667,,,,,,1,,,,,,,,,"[-0.4071586640278798, 4.341655309101993, 2.71738756760471, 3.968819056379762]"
traveler (traveler.425),425,202.5,0.7632076931016882,0,5.0682509046484086,1.266321374165304,2.116455507308967,3.1598330129176464,SAV (sav.2),,,,1.693555369732497,0,4.587010483576272,3.0147852361877203,normal,,,,,,"[6.759382968059652, 0.4602456785510786, 0.8424810198297049, 3.4784459938665986]"
traveler (traveler.426),426,202.5,0.5402976741131454,4,,,2.2059841865389114,2.046705087071464,,,,,,4,,,,,,,,,"[-0.25694561526307896, -0.6825266563430706, 0.27187250294088977, 0.5081407363500748]"
traveler (traveler.427),427,202.5,0.3862519627658733,4,,,2.8398802532197402,2.3165007024215765,,,,,,4,,,,,,,,,"[8.560743764448365, 2.814813102386187, 1.8732842969467058, 0.11179422711565422]"
traveler (traveler.428),428,202.5,0.6272802475993685,4,,,2.958701211548727,2.0721288657176613,,,,,,4,,,,,,,,,"[0.28656885464456733, -1.0033307107298557, -0.1454276893880641, 0.0332000175664265]"
traveler (traveler.429),429,202.5,0.6730383086111985,4,,,3.1416759313563274,2.2969419689443122,,,,,,4,,,,,,,,,"[1.7201160188506939, 0.31616742248985563, -0.8493517192637149, 0.7112053874976756]"
traveler (traveler.430),430,202.5,0.796989825705629,2,,,3.2409702590398703,2.7935231805099496,,,,,,2,,,,,,,,,"[1.5814229777667987, -0.16491450725363957, 0.8158942893841116, -0.6381164555548141]"
traveler (traveler.431),431,202.5,0.6445178167837515,4,,,1.956822952949445,2.846932142801921,,,,,,4,,,,,,,,,"[6.059605800023642, 0.6798664670100079, 1.104681610908498, 5.1991643468500515]"
traveler (traveler.432),432,202.5,0.6399616032907172,4,,,3.1376627941582305,2.5541942306223038,,,,,,4,,,,,,,,,"[4.905759598021867, 1.7368571456210007, 0.2730025416871754, 0.4515179406473601]"
traveler (traveler.433),433,202.5,0.791980842461587,3,,,1.9593514698485337,1.9212661910072784,,,,,,3,,,,,,,,,"[0.9967098571496131, -0.3758046431832431, 0.62304834805887, 0.948361876119343]"
traveler (traveler.434),434,202.5,0.25588743420796545,4,,,2.639261800972825,2.2853269234968177,,,,,,4,,,,,,,,,"[0.25880735147694217, -1.2705688396275219, 0.12573782224124336, 3.126623850100175]"
traveler (traveler.435),435,202.5,0.650280770865807,4,,,3.002496079480329,2.91275025265253,,,,,,4,,,,,,,,,"[-0.05445590400232106, -0.11981963794551842, 0.24984431212095137, -0.14926125511277671]"
traveler (traveler.436),436,202.5,0.39538213258818233,4,,,2.119646228524096,2.6079724006125398,,,,,,4,,,,,,,,,"[0.3099826936765955, 2.3757734645145385, 1.3988608514597167, 0.7662160407312523]"
traveler (traveler.437),437,202.5,0.8974567486234072,1,,,2.410244448322536,3.3929571975144004,,,,,,1,,,,,,,,,"[2.0532802449304564, -0.06433980913670583, 0.028884046770972054, 0.37826670539315377]"
traveler (traveler.438),438,202.5,0.856933461057252,2,,,3.148376695612477,3.060305824765553,,,,,,2,,,,,,,,,"[-0.5970303955928039, -0.6654817702048076, 1.3906801126356119, 0.11824625344845885]"
traveler (traveler.439),439,202.5,0.7119408490976661,2,,,1.9363888513970513,2.0650261550571454,,,,,,2,,,,,,,,,"[-0.9903035015261513, 1.497974174224564, 2.268193935723967, -0.7236333946677274]"
traveler (traveler.440),440,202.5,0.9775579230797158,2,,,1.6111141539144194,2.093181311141377,,,,,,2,,,,,,,,,"[-1.6774873310347866, -0.3396408691285035, 1.947128207416102, 0.2389899204495442]"
traveler (traveler.441),441,202.5,0.842585649587607,2,,,1.6574310087063016,2.5052982828623245,,,,,,2,,,,,,,,,"[1.2930455567164874, 0.12848710815102948, 1.315055060220461, -0.4579737075343496]"
traveler (traveler.442),442,202.5,0.8196200759360507,3,,,3.0001228100360695,1.8506509076320787,,,,,,3,,,,,,,,,"[-0.5397883831043832, 1.005347928382433, 0.1557864838016719, 2.4114509122800833]"
traveler (traveler.443),443,202.5,0.6458218514138981,4,,,1.9415971755115742,2.1755433012449528,,,,,,4,,,,,,,,,"[-2.0441156438497017, 1.203471202815737, 1.2002895726653169, -0.4799757310218336]"
traveler (traveler.444),444,202.5,0.43546118650892307,4,,,2.5547721489843216,2.9320028433371688,,,,,,4,,,,,,,,,"[-0.9340729143275487, 0.7125379573555116, 1.1868547902247475, 1.0183318639785324]"
traveler (traveler.445),445,210.0,1.1746855493460442,1,,,1.7872469035473721,3.433739344431629,,,,,,1,,,,,,,,,"[3.5776836571776705, 3.090078893574332, 0.29466581198560227, 0.02237565075314129]"
traveler (traveler.446),446,210.0,3.1350495339838447,1,,,4.735209592288712,4.698266057389973,,,,,,1,,,,,,,,,"[1.5273883300984525, 0.005277264776484399, 0.44139201173672654, 1.3015264177155095]"
traveler (traveler.447),447,210.0,2.454415703958875,3,,,4.8194840186529255,3.3025897675983766,,,,,,3,,,,,,,,,"[-0.015234566295874835, 0.505884590670359, 1.4443723767922736, 2.299189354771237]"
traveler (traveler.448),448,210.0,1.376312595171917,1,,,1.1241956535566577,2.462600000849396,,,,,,1,,,,,,,,,"[-0.31953138183214674, 4.264745377842929, 0.5551510569345839, 0.7908736379386074]"
traveler (traveler.425),425,202.5,0.7632076931016882,,,,2.116455507308967,3.1598330129176464,SAV (sav.2),1,5.810913475705226,1.0,1.693555369732497,,,,,2.1,3.3,,,,
traveler (traveler.423),423,202.5,1.4104416761729208,,,,1.1652225540012784,2.044242507973146,SAV (sav.2),2,12.432740427115679,1.650554728847332,1.7502672746918024,,,,,1.2999999999999998,2.1,225.53345312162435,"[2.0, 5.810913475705226, 12.432740427115679, 17.965202216975932]","[1.2649110640673515, 3.3045188695044656, 5.093373251504298]",
traveler (traveler.449),449,210.0,3.1226227595807776,0,15.533453121624348,1.266321374165304,4.893815586482466,0.494901539433667,SAV (sav.2),,,,0.09618078280578171,0,4.194939382229097,3.849749484859493,normal,,,,,,"[9.096266219828802, 1.2980293252866126, 1.7160907977410629, 0.05341514220154896]"
traveler (traveler.450),450,210.0,1.2805554057920476,1,,,3.3760215459205694,1.5659719498932745,,,,,,1,,,,,,,,,"[2.3796930765373916, 0.48946285547921764, 0.4908389323014331, -0.043443057223773875]"
traveler (traveler.451),451,210.0,0.7791000058894393,3,,,3.269776271559766,2.3798279944393466,,,,,,3,,,,,,,,,"[-2.051884891191909, 1.315877430064366, 0.672337902046662, 2.3330901853301227]"
traveler (traveler.452),452,210.0,0.9246732711132417,1,,,1.6814519298315362,2.069884067797127,,,,,,1,,,,,,,,,"[2.5804447390257934, 3.9465533000877038, -0.7272704107515939, -0.4099139089759221]"
traveler (traveler.453),453,210.0,0.31487200724348485,4,,,2.189248158328952,2.4492292028465874,,,,,,4,,,,,,,,,"[0.9426939460369638, -0.07398364158435695, -0.8589329959398754, 0.7780417328640058]"
traveler (traveler.454),454,210.0,0.4906801934646675,4,,,2.4072038196618255,2.9818256128239433,,,,,,4,,,,,,,,,"[0.6526145931628338, 1.7376430710623425, 0.49913236850579873, -0.26735585801447104]"
traveler (traveler.455),455,210.0,0.682548947460467,4,,,2.110474314305482,3.060484438556154,,,,,,4,,,,,,,,,"[2.2903272874800917, -0.37714173401467865, 0.03536709835803387, 1.5727740232870617]"
traveler (traveler.456),456,210.0,0.18794919954226028,4,,,2.6872230261228855,2.4834942404608062,,,,,,4,,,,,,,,,"[-0.01394412199280387, -0.17810433343665172, 5.038493302840294, 1.5115589893344485]"
traveler (traveler.457),457,210.0,0.24774631401586938,4,,,2.25287776613977,2.517573777066402,,,,,,4,,,,,,,,,"[3.3020241888390225, -0.15981183020098208, -0.7942547665322318, 0.4071483674410115]"
traveler (traveler.458),458,210.0,0.6853091541584913,4,,,2.1290661219510447,1.92375639275651,,,,,,4,,,,,,,,,"[-0.3688442446031735, 0.5346369022867298, -0.67140747592405, 0.6981557274412278]"
traveler (traveler.459),459,210.0,0.869484000472263,3,,,3.3306716179969813,2.7568795245470676,,,,,,3,,,,,,,,,"[2.8734037066606493, 0.7753453950458455, 1.1071964810586203, 1.334166211919321]"
traveler (traveler.460),460,217.5,1.632255877803022,0,8.033453121624348,1.266321374165304,2.924799116061334,4.076009188303172,SAV (sav.2),,,,0.4140530754319381,0,1.5188531474189553,0.21497856035805185,normal,,,,,,"[4.512781195324036, -0.7746595446600727, 0.668171631165052, -1.602996674245164]"
traveler (traveler.461),461,217.5,0.6449861341970188,4,,,2.891035840372596,3.0129308772637033,,,,,,4,,,,,,,,,"[0.8948593196575613, -1.1238848483021204, -0.7909908320277621, -1.129965955518958]"
traveler (traveler.462),462,217.5,0.5305848622328967,4,,,2.989196681043537,2.2945568125084455,,,,,,4,,,,,,,,,"[1.7913107335191114, -0.06530696359824623, 1.0407293085946276, 2.6250534744742704]"
traveler (traveler.463),463,217.5,0.5445540429092184,4,,,2.5220959941131853,3.044105571275396,,,,,,4,,,,,,,,,"[5.078864720432377, 0.21915491853755087, -0.04378370783354837, 0.6391869860883179]"
traveler (traveler.464),464,217.5,0.3042044751449963,4,,,2.266888329220484,2.304553558117255,,,,,,4,,,,,,,,,"[-0.20933819406527512, 0.4644836793603886, -0.44987524704567117, -0.32196692295265966]"
traveler (traveler.465),465,217.5,0.8093703980928543,1,,,3.224899629329106,2.8600013454245836,,,,,,1,,,,,,,,,"[1.3390537757354886, 1.3922029827160278, -0.07166723678842599, -0.41643603615440644]"
traveler (traveler.466),466,225.0,1.3541818268566426,1,,,1.2009678590316908,2.117476906683943,,,,,,1,,,,,,,,,"[3.7990735950982364, 1.9751171970878125, 0.10974036160870658, 1.8488825304850502]"
traveler (traveler.467),467,225.0,2.4938342938757194,1,,,4.905178695204264,1.840966670458829,,,,,,1,,,,,,,,,"[-2.8389886209414934, 0.8803028393612761, -1.5192881542334382, 0.4771061892765045]"
traveler (traveler.468),468,225.0,2.540531641505668,1,,,0.8064592358198797,4.393731950818726,,,,,,1,,,,,,,,,"[2.962525960475683, 1.5685026009069907, -0.11503291922406456, -1.2403069420366968]"
traveler (traveler.469),469,225.0,0.9768689314211634,3,,,1.5341284819651568,2.6461681217810273,,,,,,3,,,,,,,,,"[-3.174054601680007, -0.3586959369017674, 1.4081977094798304, 1.9242271062024694]"
traveler (traveler.470),470,225.0,0.2543032140538673,4,,,2.3985906597661426,2.733208641331021,,,,,,4,,,,,,,,,"[3.193349146944115, -1.1388087727047143, -1.222409395014991, -0.38492656728551367]"
traveler (traveler.471),471,232.5,2.300941851721925,3,,,1.8787660176016447,4.715491309872147,,,,,,3,,,,,,,,,"[0.35014427023483896, -0.12342122127237061, -0.6525928900269081, 2.3747516707708534]"
traveler (traveler.472),472,232.5,2.475751383209605,1,,,1.879267104785662,0.10332822767423977,,,,,,1,,,,,,,,,"[3.3564254275245355, 1.345775040725942, 0.9394164161367734, 1.6987808521331242]"
traveler (traveler.473),473,232.5,1.491710925574426,2,,,1.1676005857467742,1.8292442423834347,,,,,,2,,,,,,,,,"[-2.4929770177145287, 0.7591959960411191, 1.4699445345033637, -0.03417185777476114]"
traveler (traveler.474),474,232.5,2.5210004887021085,3,,,4.961267744900615,3.045531439926344,,,,,,3,,,,,,,,,"[-0.4107777091964093, -0.5577941174006537, 1.3229759488555006, 2.469208346223402]"
traveler (traveler.475),475,232.5,0.96041583646804,1,,,3.3080416850993464,3.0191023156184276,,,,,,1,,,,,,,,,"[0.565285632431018, 4.019413379912118, 2.0051256684264502, -0.15136175878149932]"
traveler (traveler.476),476,232.5,0.598859175257775,4,,,2.8441885323614473,2.9900679197634705,,,,,,4,,,,,,,,,"[-1.8416022658707305, -0.4474121908179814, 2.4914085163350563, 1.0744164084705223]"
traveler (traveler.477),477,232.5,0.9979969134474962,2,,,3.469665399891167,2.7361077116585415,,,,,,2,,,,,,,,,"[-2.4305126906204113, -0.3236673010722204, 0.8309001151166564, -1.1957351617618979]"
traveler (traveler.478),478,240.0,1.9499374378634515,2,,,4.189008861533153,1.5255744886118978,,,,,,2,,,,,,,,,"[-1.6509515436104067, -0.5666991552153128, 1.9998634306213703, 1.07248106616837]"
traveler (traveler.479),479,240.0,0.1054135159973481,4,,,2.5396825357052615,2.597659130217936,,,,,,4,,,,,,,,,"[-2.229346697141367, 0.27566849443003794, -0.26497270108388493, -0.859045555156558]"
traveler (traveler.480),480,240.0,0.5159139276747015,4,,,2.6415639273324087,2.9961117164983726,,,,,,4,,,,,,,,,"[3.749350896092656, -0.5185536914940564, -0.7090159738797067, 0.0022901163752482613]"
traveler (traveler.481),481,240.0,0.1698760894469992,4,,,2.6254851651342808,2.6145048431160323,,,,,,4,,,,,,,,,"[0.880086794569652, -1.2824949050819858, 4.250672535550419, 0.15487758400971088]"
traveler (traveler.482),482,240.0,0.4864522276425898,4,,,2.0219634972816203,2.409906316274566,,,,,,4,,,,,,,,,"[-0.12830614858828843, -1.041800989419573, 0.97094713061082, -0.2561007924573029]"
traveler (traveler.417),417,195.0,0.9481224653030138,,,,2.223647963098136,3.4069541118008426,SAV (sav.1),1,5.810913475705226,1.0,1.961844060203875,,,,,2.1,3.3,,,,
traveler (traveler.404),404,195.0,1.2262754930936521,,,,2.04483872310532,3.6386745790513126,SAV (sav.1),2,5.810913475705226,1.0,0.98980534254907,,,,,2.1,3.7,,,,
traveler (traveler.406),406,195.0,1.1376471038909326,,,,1.368277949139518,2.3840425397502547,SAV (sav.1),3,10.366469031260781,1.530956649069599,1.61479211460264,,,,,1.2999999999999998,2.5,,,,
traveler (traveler.407),407,195.0,3.0518933748677126,,,,4.37762346147848,4.905947486639517,SAV (sav.1),4,23.93725625235496,1.8674576352008694,1.4702517226680685,,,,,4.5,4.9,236.19392512208367,"[2.0, 5.810913475705226, 5.810913475705226, 10.366469031260781, 23.93725625235496, 34.75535493429919]","[1.2649110640673515, 1.8305964890165902, 3.8702042944537047, 9.527058543946085, 13.94520295082099]",
traveler (traveler.483),483,247.5,1.0440466223724507,0,0.0,1.161580508858678,2.0801143465568304,1.5441080669239198,SAV (sav.1),,,,1.8858615266218468,0,-1.2558855026153881,-1.6662692100006442,normal,,,,,,"[0.40581285118089877, -0.5859475736219942, -0.1887176748764079, 0.6432813780244456]"
traveler (traveler.484),484,247.5,0.541583233334646,4,,,2.453280911622656,1.9604356151390276,,,,,,4,,,,,,,,,"[0.06906681030907681, 0.1550086108581795, 0.10260565824745665, -0.5957923437845263]"
traveler (traveler.485),485,247.5,0.42832581011863924,4,,,2.118479634156096,2.6946926040200863,,,,,,4,,,,,,,,,"[-0.6782477991530202, -0.4355391582730417, 0.24613796452823836, 0.16803965914215335]"
traveler (traveler.486),486,247.5,0.494762610222854,4,,,2.8997444137276336,2.7915380664134313,,,,,,4,,,,,,,,,"[1.024414439669779, 0.6613415267065864, 0.15527402503920487, 0.47304532216612866]"
traveler (traveler.487),487,247.5,0.451132017970803,4,,,2.5975541561937145,2.0595419608546788,,,,,,4,,,,,,,,,"[2.999232118272707, -0.2582191953253661, 2.033734112091845, -0.4174517766492216]"
traveler (traveler.327),327,165.0,0.9188078779979004,,,,1.6379729886489134,2.8179895412936062,SAV (sav.0),1,5.514157444218836,1.0,1.2339049510845044,,,,,1.7,2.9,,,,
traveler (traveler.349),349,172.5,1.7259402059341589,,,,1.3478637188260145,3.78508816198058,SAV (sav.0),2,11.697225795192436,1.2597447438206384,3.8223419245098933,,,,,1.2999999999999998,4.1,,,,
traveler (traveler.366),366,180.0,2.722111157172935,,,,0.580672067728214,4.430302940060623,SAV (sav.0),3,15.508139270897662,1.3044229293278404,1.2793183440044784,,,,,0.5,4.5,,,,
traveler (traveler.345),345,172.5,2.957767638295019,,,,0.44131313117624194,4.623722622725936,SAV (sav.0),4,18.28591704867544,1.3379939303908857,5.269405407612362,,,,,0.09999999999999964,4.9,226.40612628565316,"[2.0, 5.514157444218836, 11.697225795192436, 15.508139270897662, 18.28591704867544, 29.952583715342108]","[1.2649110640673518, 3.0537654460671835, 4.3186765101345355, 5.118676510134536, 9.918676510134537]",
traveler (traveler.488),488,255.0,1.2689652370096745,0,0.0,1.161580508858678,1.2759155966740927,2.8344998449525454,SAV (sav.0),,,,0.8374528920793093,0,0.7657059493630947,0.25475888575251826,normal,,,,,,"[2.465577600175307, 0.2719747897187539, -0.29112056202742703, 0.23743386447871268]"
traveler (traveler.489),489,255.0,2.3362305849991722,1,,,0.3117611395409464,1.6817188528003113,,,,,,1,,,,,,,,,"[-0.3923152969492701, 0.0267094611332456, 0.7414280037931236, -1.2010822669285033]"
traveler (traveler.490),490,255.0,0.1629043828138885,4,,,2.3448042123104256,2.5495187381037367,,,,,,4,,,,,,,,,"[-0.5468921221762657, -0.3711548922864672, 0.8458093569922711, 0.7225522764938793]"
traveler (traveler.491),491,255.0,0.8999505003168823,0,0.0,1.161580508858678,1.7481676766308483,2.005369773913937,SAV (sav.0),,,,1.2742059039261788,0,-0.030403900082821123,-0.49945761479704576,normal,,,,,,"[1.4837415686765931, -1.104826343573722, 0.24280694725796848, -0.0008565283896164549]"
traveler (traveler.492),492,255.0,0.7675131514934235,3,,,3.0714915179771487,3.012322049687051,,,,,,3,,,,,,,,,"[-1.119184185776347, -0.0069187603536793214, 1.4255924111863156, 3.403915006539885]"
traveler (traveler.493),493,255.0,0.3612989388135129,4,,,2.424587613398207,2.8533410464902036,,,,,,4,,,,,,,,,"[3.95917981874186, 0.18549437269620128, -0.5371241479539379, 2.407123352634277]"
traveler (traveler.494),494,255.0,0.6716200718415731,4,,,2.948850282140298,2.9996067905093513,,,,,,4,,,,,,,,,"[10.50249651121327, 0.24843455217057442, -0.23395327761108636, 0.371177748898083]"
traveler (traveler.495),495,255.0,0.7889586434539788,1,,,2.994160001796995,1.8849702172213638,,,,,,1,,,,,,,,,"[0.6048813004162645, 3.051455396238831, -0.6054172921561043, 1.5099255586801974]"
traveler (traveler.496),496,255.0,0.4988405550425558,4,,,2.0949157724057224,2.791116244667852,,,,,,4,,,,,,,,,"[-2.1690926707929035, 0.10594773630571798, 0.2747529078963972, 0.40155546712273604]"
traveler (traveler.497),497,255.0,0.8212308524102644,3,,,3.1636610273687165,2.983708748837965,,,,,,3,,,,,,,,,"[-0.4939939186242378, -0.8225686829142287, -0.31222370422662143, -0.11245969803804637]"
traveler (traveler.498),498,255.0,0.8376307933201351,2,,,3.062705888953743,1.8795264482228942,,,,,,2,,,,,,,,,"[-1.1225198496838167, -1.4531418098598978, -0.20825241444770373, -0.6272307043874233]"
traveler (traveler.499),499,255.0,0.25043973683159254,4,,,2.7060801001879313,2.6423061983569567,,,,,,4,,,,,,,,,"[1.0621229559068595, -0.7572342586975255, -0.15332950565273137, 0.7796970029226292]"
traveler (traveler.500),500,255.0,0.10945842966772018,4,,,2.3915253472122178,2.5146423197579253,,,,,,4,,,,,,,,,"[1.3414108037493433, 0.6890666192660381, 0.033416228575328145, -0.3867337537009776]"
traveler (traveler.501),501,262.5,3.31583456474227,1,,,0.22365323136537163,0.08898273551053826,,,,,,1,,,,,,,,,"[0.11304417917741175, 0.05316436969527378, 0.6384300025481693, 0.5207559871390172]"
traveler (traveler.502),502,262.5,2.2331727427952206,1,,,0.9181603380960807,0.9236612726982746,,,,,,1,,,,,,,,,"[-1.6308563451025928, 1.4920047861360979, -0.24141623362908057, 1.7217506318777531]"
traveler (traveler.503),503,262.5,0.8127960359049602,3,,,1.8588790643978412,2.000398817139681,,,,,,3,,,,,,,,,"[-1.3773629752895127, -1.774590125885287, 0.3003216390354215, 2.3484642290089592]"
traveler (traveler.504),504,262.5,0.5144629793483118,4,,,2.6734434083489225,2.015655555187994,,,,,,4,,,,,,,,,"[0.5414920740578312, -1.3826741761026353, -0.10425574588780508, 1.0187166405699999]"
traveler (traveler.505),505,270.0,1.5220769702980963,1,,,2.5331999319455885,0.9782851554806199,,,,,,1,,,,,,,,,"[0.0848699452851236, -0.1540482969669783, -0.15304438359711228, -0.1377558322650236]"
traveler (traveler.506),506,270.0,2.1972577987631223,1,,,0.5538739700034567,1.4799336739234765,,,,,,1,,,,,,,,,"[1.1862170491494346, 2.7542368148673013, 0.7708446928919348, -1.0041032307621214]"
traveler (traveler.507),507,270.0,1.9716280371197172,2,,,1.3347195080995633,4.090420853721689,,,,,,2,,,,,,,,,"[-0.03225303304295893, -0.03883960855089404, 1.4605485835740761, 0.34404304296992655]"
traveler (traveler.460),460,217.5,1.632255877803022,,,,2.924799116061334,4.076009188303172,SAV (sav.2),1,8.183068350973599,1.0,0.4140530754319381,,,,,2.9,4.1,,,,
traveler (traveler.449),449,210.0,3.1226227595807776,,,,4.893815586482466,0.494901539433667,SAV (sav.2),2,23.23763572949973,1.7003148094755898,0.09618078280578171,,,,,4.9,0.5,260.4377555177907,"[2.0, 8.183068350973599, 23.23763572949973, 34.9043023961664]","[2.33238075793812, 8.156468669362535, 12.57461307623744]",
traveler (traveler.508),508,270.0,2.2090064455989777,0,0.0,1.161580508858678,0.776267298320204,1.118531560310732,SAV (sav.2),,,,2.635648488290195,0,-0.5309764989355967,-0.8694406409576247,normal,,,,,,"[1.9212241275540602, 0.33237253180173176, 1.4100753707918192, -0.8622022394886999]"
traveler (traveler.509),509,270.0,1.527609687897656,0,0.0,1.161580508858678,1.7663722072982513,3.8399185125724378,SAV (sav.2),,,,4.341358769807849,0,0.23183149704875383,0.05697908522989925,normal,,,,,,"[2.427337576089135, 1.1847229273422495, -1.1535642045370003, 2.06447752149086]"
traveler (traveler.510),510,270.0,0.7970499423756379,1,,,1.7835122935417516,2.150809540314736,,,,,,1,,,,,,,,,"[0.20292650699363746, 0.7433104755766996, 0.11397736430775675, 0.6222886174925875]"
traveler (traveler.511),511,270.0,0.26931548624481083,4,,,2.572590679713975,2.759348075662693,,,,,,4,,,,,,,,,"[5.203401870592657, 0.4896288891485637, -0.8843825489098129, -0.9236264426157387]"
traveler (traveler.512),512,270.0,0.5875054556589994,4,,,1.917874526171722,2.4206741331639465,,,,,,4,,,,,,,,,"[4.914598269491227, 0.5150199775493232, 1.1562918666990614, 1.4258572128733775]"
traveler (traveler.513),513,270.0,0.7853650789233245,3,,,2.4153367252951514,1.7192116566517586,,,,,,3,,,,,,,,,"[0.08079914510286426, 0.5660329109904197, -0.5239015850135913, 1.5647088005930905]"
traveler (traveler.514),514,270.0,0.7454933392601224,2,,,2.1487362691959433,1.8424483972319563,,,,,,2,,,,,,,,,"[0.2543637754756686, -1.2658674496350018, 1.7671794422078417, 0.46431611136997997]"
traveler (traveler.515),515,270.0,0.5336554062955591,4,,,2.01355317003461,2.280551659188088,,,,,,4,,,,,,,,,"[0.2845475982830647, 0.20265968036740192, 0.45997188997812016, 2.63370758796961]"
traveler (traveler.516),516,270.0,0.9732036043986262,2,,,2.0706767542290176,3.373388118911144,,,,,,2,,,,,,,,,"[-0.06590706239886829, 0.43779289627573875, 1.4010782417224825, 0.3871168992143596]"
traveler (traveler.517),517,270.0,0.7512497570709672,2,,,1.7490530778916122,2.478671200804401,,,,,,2,,,,,,,,,"[1.9320505296235866, 0.5060542729080079, 2.993508474461774, -0.42364255659864575]"
traveler (traveler.483),483,247.5,1.0440466223724507,,,,2.0801143465568304,1.5441080669239198,SAV (sav.1),1,6.975231959999626,1,1.8858615266218468,,,,,2.1,1.7,258.45046391999927,"[2, 6.975231959999626, 10.950463919999253]","[1.2649110640673518, 2.5298221281347035]",
traveler (traveler.518),518,277.5,1.5388366032596108,0,0.0,1.161580508858678,3.2165054762266374,3.8618509441450692,SAV (sav.1),,,,2.185419218684114,0,1.1719141873938206,0.7902640538311774,normal,,,,,,"[3.167547648093049, -0.5003647364909913, -0.3789857998592213, -0.5669490213595535]"
traveler (traveler.519),519,277.5,1.264038360939236,2,,,2.511736755827176,3.763983871134677,,,,,,2,,,,,,,,,"[1.1638354599902074, -0.10571753183452472, 3.70839309287816, -0.36848234911118494]"
traveler (traveler.491),491,255.0,0.8999505003168823,,,,1.7481676766308483,2.005369773913937,SAV (sav.0),1,5.810913475705226,1.0,1.2742059039261788,,,,,1.7,2.1,,,,
traveler (traveler.488),488,255.0,1.2689652370096745,,,,1.2759155966740927,2.8344998449525454,SAV (sav.0),2,8.588691253483004,1.2684081669153,0.8374528920793093,,,,,1.2999999999999998,2.9,268.35992741981124,"[2.0, 5.810913475705226, 8.588691253483004, 13.359927419811259]","[1.2649110640673518, 2.529822128134703, 4.3186765101345355]",
traveler (traveler.520),520,277.5,2.324629952216593,0,0.0,1.161580508858678,0.3605101694582519,1.5908863218766518,SAV (sav.0),,,,2.125159262562846,0,-0.1498898513233322,-0.5373201198771276,normal,,,,,,"[2.3246647497743327, 0.2884009906413729, 0.6972050328059851, 1.2344726044210086]"
traveler (traveler.521),521,277.5,0.5234993572970789,4,,,3.0234966025472385,2.5016982967800567,,,,,,4,,,,,,,,,"[2.160821683284096, -0.31590293524231433, -1.1164077031330628, 0.7290795328755385]"
traveler (traveler.522),522,277.5,0.8632336923980265,2,,,1.7143479077835189,2.857663525799034,,,,,,2,,,,,,,,,"[-0.3185887975451779, -0.7915039840697164, 0.4600547778200499, -1.7847270993572584]"
traveler (traveler.523),523,277.5,0.9545737766595803,0,0.0,1.161580508858678,3.3578439540113107,2.0812938433072965,SAV (sav.0),,,,0.7295213754222335,0,-0.5961180877777348,-1.1174179424660577,normal,,,,,,"[0.8994745418536705, 0.17971251540252653, -0.7210294874992043, 0.771241360862623]"
traveler (traveler.524),524,277.5,0.9324188248294845,1,,,2.912273934648514,1.663677653230628,,,,,,1,,,,,,,,,"[-0.34894136313258955, 2.0607904407772146, 0.15837127656487962, -0.09937267389496471]"
traveler (traveler.525),525,277.5,0.6191575309068063,4,,,2.7638077946130064,3.060144173923138,,,,,,4,,,,,,,,,"[0.8565176285394951, 1.100995322348823, 2.376867404914632, 3.8631948186817358]"
traveler (traveler.526),526,277.5,0.23337169527919072,4,,,2.2667522479985562,2.507604889463789,,,,,,4,,,,,,,,,"[-0.4222905702022, -0.7343568668604544, 0.1709142279616904, 3.2414699991744707]"
traveler (traveler.527),527,277.5,0.7918975634932219,2,,,3.2183031545604948,2.16661984279963,,,,,,2,,,,,,,,,"[-2.2415590546853306, -0.027495691458747015, 0.37382672547795076, 0.459359030016708]"
traveler (traveler.528),528,277.5,0.4345715958629883,4,,,2.211945028316648,2.825387162038406,,,,,,4,,,,,,,,,"[0.13634019619193116, -0.842559452595962, 0.24175011983782801, 1.6981008720007909]"
traveler (traveler.529),529,277.5,0.9237884406072342,3,,,3.275730855491583,3.0016240851851537,,,,,,3,,,,,,,,,"[0.4575017253238724, 0.14014931901283761, 1.0937121319971663, 1.757495686343798]"
traveler (traveler.530),530,285.0,1.356710583594522,1,,,3.644693721249111,1.7717556095854559,,,,,,1,,,,,,,,,"[-0.3403098206458743, 0.8904061322771765, -0.7343730292971065, -0.44204339829215966]"
traveler (traveler.518),518,277.5,1.5388366032596108,,,,3.2165054762266374,3.8618509441450692,SAV (sav.1),1,7.532461789860253,1,2.185419218684114,,,,,3.3,3.7,289.5649235797205,"[2, 7.532461789860253, 12.064923579720507]","[2.039607805437114, 4.079215610874228]",
traveler (traveler.531),531,285.0,2.1067189762805385,0,4.564923579720528,1.161580508858678,3.2915022488622165,4.452380351024506,SAV (sav.1),,,,0.580463052213187,0,-1.0711629675562662,-1.0046927256774605,normal,,,,,,"[1.722878015758494, -0.1826391121766623, 1.8804277598021624, 1.4327468787872897]"
traveler (traveler.532),532,285.0,0.25387296892141237,4,,,2.3033034105465884,2.3394947476050443,,,,,,4,,,,,,,,,"[1.6916236934780262, 0.5750520913622111, 0.8066706200826049, 0.1490459462843677]"
traveler (traveler.533),533,285.0,0.4918783207091315,4,,,2.153389969798421,2.1509931671911056,,,,,,4,,,,,,,,,"[-1.1565405369014592, -0.7290943453016785, -1.1516561450822698, 0.41797988751480475]"
traveler (traveler.534),534,285.0,0.7691690373084914,1,,,1.7313840849973468,2.4708352411512533,,,,,,1,,,,,,,,,"[-2.3565591011988154, 2.843903766447407, -0.948952984514521, -0.0015718800826269165]"
traveler (traveler.535),535,285.0,0.23637835579925373,4,,,2.397688018848008,2.2869108505739604,,,,,,4,,,,,,,,,"[0.8040123419561477, 1.171194466589971, 1.2198785990059267, -1.2442811556656117]"
traveler (traveler.536),536,285.0,0.46240057741517093,4,,,2.74085018424073,2.1052779677480746,,,,,,4,,,,,,,,,"[0.4795495439629697, 0.2978740085779428, -0.10279641147361598, 1.0162875857580658]"
traveler (traveler.537),537,285.0,0.5365285325459177,4,,,2.2072582113163493,2.949627747580343,,,,,,4,,,,,,,,,"[1.3260209392464442, 0.06465329473916981, -0.7700863025487658, 3.2312535170071697]"
traveler (traveler.538),538,285.0,0.7364024264354884,3,,,2.0351187866213056,3.0711164426871527,,,,,,3,,,,,,,,,"[-2.522710390315194, 0.5191767912609514, 0.5082014418713744, 3.5511805526538067]"
traveler (traveler.509),509,270.0,1.527609687897656,,,,1.7663722072982513,3.8399185125724378,SAV (sav.2),1,6.975231959999626,1.0,4.341358769807849,,,,,2.1,3.7,,,,
traveler (traveler.508),508,270.0,2.2090064455989777,,,,0.776267298320204,1.118531560310732,SAV (sav.2),2,17.548858283794303,1.7356013687269087,2.635648488290195,,,,,0.8999999999999999,1.2999999999999998,295.65996939490543,"[2.0, 6.975231959999626, 17.548858283794303, 25.659969394905417]","[1.788854381999832, 5.5835875742018874, 8.412014698948077]",
traveler (traveler.539),539,292.5,2.199498755681333,0,3.1599693949054313,1.161580508858678,4.313951389518664,3.7439353410475325,SAV (sav.2),,,,2.620990961996997,0,-0.6210272741110647,-0.5441290025610583,normal,,,,,,"[2.240671133175091, 0.12797573024804154, 0.5612396189244183, -0.3507098868452179]"
traveler (traveler.540),540,292.5,0.6748205022997192,4,,,2.901255774882485,3.0425647550730712,,,,,,4,,,,,,,,,"[2.7121536076624593, 0.05319304784985941, 0.6066227392962613, 0.624836870828627]"
traveler (traveler.541),541,292.5,0.4956832776399532,4,,,2.9194307004471094,2.2358413369689836,,,,,,4,,,,,,,,,"[-1.5337228872696886, -0.09302200930539266, 0.33677172467479505, 0.8328078122381163]"
traveler (traveler.542),542,292.5,0.21327452533532815,4,,,2.287424914380084,2.5172585089360293,,,,,,4,,,,,,,,,"[-0.6693908862589152, 0.7968378840469577, 0.46436169106655645, 0.9726544519308604]"
traveler (traveler.543),543,292.5,0.641248472944486,4,,,1.9269477494533425,2.21223147809907,,,,,,4,,,,,,,,,"[0.47815946968849193, 0.9287380610585553, 1.113117926605067, 1.4110950552716308]"
traveler (traveler.544),544,292.5,0.8097872008229027,3,,,1.7638993865315107,2.162492670497505,,,,,,3,,,,,,,,,"[-0.7527805287202735, -0.5931873607679817, 0.6727574613763416, 0.9266026755124286]"
traveler (traveler.545),545,300.0,2.096551561690086,1,,,1.855732106506382,4.495105844871002,,,,,,1,,,,,,,,,"[0.624853231777314, 4.520140674961076, 1.29732097071412, -0.41892567482384674]"
traveler (traveler.523),523,277.5,0.9545737766595803,,,,3.3578439540113107,2.0812938433072965,SAV (sav.0),1,5.810913475705226,1.0,0.7295213754222335,,,,,3.3,2.1,,,,
traveler (traveler.520),520,277.5,2.324629952216593,,,,0.3605101694582519,1.5908863218766518,SAV (sav.0),2,15.962584712138113,1.5452698873576085,2.125159262562846,,,,,0.5,1.7,301.79255026879173,"[2.0, 5.810913475705226, 15.962584712138113, 24.292550268791732]","[1.2649110640673515, 5.264911064067352, 8.311220306412917]",
traveler (traveler.546),546,300.0,2.8984455917788647,0,1.7925502687917287,1.161580508858678,4.160831968126083,4.875420809488873,SAV (sav.0),,,,0.7873193463440475,0,-1.8380945940797164,-2.1174310124462776,normal,,,,,,"[1.0985008239280476, 0.04676818530289451, 1.1172287576034545, 0.14533359637340312]"
traveler (traveler.547),547,300.0,1.7172435615972883,2,,,3.6403710288264652,3.7839312156266818,,,,,,2,,,,,,,,,"[-0.8657527925680961, -0.5288395377252663, 2.3778385548257983, -0.17508098475708597]"
traveler (traveler.548),548,300.0,1.0793549074959796,1,,,2.2637781855440977,3.553188620670968,,,,,,1,,,,,,,,,"[0.9914606617230949, 5.556488691945396, 0.8319804983143272, 0.5683228440977213]"
traveler (traveler.549),549,300.0,2.2422848798024124,3,,,1.1473874418654095,0.7116262276114876,,,,,,3,,,,,,,,,"[-0.9313659715294577, -0.46852336688309854, 0.1757581533448155, 1.0555238577414183]"
traveler (traveler.550),550,300.0,0.4639842312076323,4,,,2.5155360191466345,2.9637240547118653,,,,,,4,,,,,,,,,"[1.5906391823061792, -0.5877763355599825, 0.47479400653519593, 0.4491873064340365]"
traveler (traveler.551),551,300.0,0.8601219501492727,1,1.7925502687917287,1.161580508858678,1.9470217873526097,1.841194364424616,,,,,4.293252536512816,0,-0.6024840868669261,-0.5870002110846166,normal,,,,,,"[1.3716315093419214, 1.0614946245904848, 0.2208058716994923, -0.9945876626596105]"
traveler (traveler.552),552,300.0,0.749733285097214,2,,,3.226108740023704,2.3132753459131616,,,,,,2,,,,,,,,,"[0.04739903434752543, 1.2123135452802123, 3.959984562799297, -0.3262805003071562]"
traveler (traveler.553),553,300.0,0.6605553651493382,4,,,1.9940736870248417,2.0752978028465856,,,,,,4,,,,,,,,,"[-0.251265925185306, 0.5817570319182332, -0.0735047778732445, -0.10721152483202713]"
traveler (traveler.554),554,300.0,0.40233579723767726,4,,,2.7934686554320827,2.7752276185591898,,,,,,4,,,,,,,,,"[1.698151849190441, 0.4420122759227114, 2.1975812643720958, -0.7676445013734]"
traveler (traveler.555),555,300.0,0.9938065283189157,3,,,2.576034547153583,3.4908936185930584,,,,,,3,,,,,,,,,"[1.4228117046585982, -1.284174223026135, 1.1571108414662667, 2.5365401430152863]"
traveler (traveler.556),556,300.0,0.7096999966295395,1,,,2.6751122357170134,1.812242927976631,,,,,,1,,,,,,,,,"[-0.027729318477032402, 1.0088625435101966, 0.15508846576061436, -0.8909668955055018]"
traveler (traveler.557),557,300.0,0.23991820884245252,4,,,2.732886270127955,2.4423395098870992,,,,,,4,,,,,,,,,"[3.60033955352085, -0.36669565653299413, -1.0662674803009136, -0.825650966856203]"
traveler (traveler.558),558,300.0,0.9482799351788795,2,,,2.979709572262084,1.68200638037758,,,,,,2,,,,,,,,,"[2.2632523545290852, 1.3111069037685108, 2.4338682973947443, 2.1961197369294796]"
traveler (traveler.559),559,307.5,1.8250099650177367,2,,,0.7217930583511134,2.9106597680388875,,,,,,2,,,,,,,,,"[1.4035576574538164, -0.7574305612386613, 2.772100057721919, -0.42074064693427654]"
traveler (traveler.531),531,285.0,2.1067189762805385,,,,3.2915022488622165,4.452380351024506,SAV (sav.1),1,7.621826951410451,1,0.580463052213187,,,,,3.3,4.5,302.8085774825414,"[1, 7.621826951410451, 13.243653902820903]","[3.0463092423455636, 6.092618484691127]",
traveler (traveler.560),560,307.5,2.435717970907145,0,0.0,1.161580508858678,3.721845727159278,4.607086864090475,SAV (sav.1),,,,1.3115089953341297,0,-2.6524496541038,-3.117925256290174,normal,,,,,,"[-0.18741791261767096, -0.9051690584725283, -0.4912606805542961, 0.8364833779249191]"
traveler (traveler.561),561,307.5,2.1295143895222766,0,0.0,1.161580508858678,1.048895902949445,4.058566147042058,SAV (sav.1),,,,3.053994854058882,0,-0.634486262514316,-0.9328226211318116,normal,,,,,,"[1.8088090256120952, 0.6623722708185197, 0.026351865721738137, 1.6106987095933054]"
traveler (traveler.539),539,292.5,2.199498755681333,,,,4.313951389518664,3.7439353410475325,SAV (sav.2),1,9.329965556653619,1,2.620990961996997,,,,,4.1,3.7,312.31990050821264,"[1, 9.329965556653619, 16.659931113307238]","[2.82842712474619, 5.65685424949238]",
traveler (traveler.562),562,307.5,0.8510899608448818,0,4.8199005082126405,1.161580508858678,3.316034790264045,2.7417464426411655,SAV (sav.2),,,,1.9087659939964996,0,-0.9746539745817593,-0.7471440074282738,normal,,,,,,"[1.2059165068523297, 0.04227234932524939, -0.5658454663040754, 0.23614063174389924]"
traveler (traveler.563),563,307.5,0.6562396717470773,4,,,2.058651038508758,2.9856558462175804,,,,,,4,,,,,,,,,"[0.7732247496567266, 0.29181235245196735, 1.4640193772566799, 0.8426300558323001]"
traveler (traveler.564),564,307.5,0.8419357913185935,1,,,1.8271115872596244,1.993959427809386,,,,,,1,,,,,,,,,"[-0.8603572873787538, 0.7242526938670499, -0.436217324270058, 0.6258619792624598]"
traveler (traveler.565),565,307.5,0.8706047166123844,1,,,2.93723998126487,1.7471562105116187,,,,,,1,,,,,,,,,"[0.3523387450942361, 1.4628226845510663, 0.6282861165468836, 1.3745773277177307]"
traveler (traveler.566),566,307.5,0.7438410693964035,0,4.8199005082126405,1.161580508858678,3.1121512844200234,2.0774241588735807,SAV (sav.2),,,,2.5601891328655526,0,4.3635322664331975,4.653526741067003,normal,,,,,,"[6.5404328719614435, 1.9434799733159278, -1.2581011644421936, 1.2480490829112996]"
traveler (traveler.567),567,307.5,0.7497067812066853,2,14.0703280465695,1.161580508858678,2.1813027533699763,1.8214041535805494,,,,,1.7533600014114128,0,0.6495927369615795,0.689465937387844,normal,,,,,,"[2.5799902180150167, -0.492929713654407, 2.4881044325254593, 1.0451603956774613]"
traveler (traveler.568),568,307.5,0.9751723358147302,0,4.8199005082126405,1.161580508858678,3.4613733727875236,2.336530361738034,SAV (sav.2),,,,3.4709881212927316,0,6.671348205904112,7.048706519507851,normal,,,,,,"[9.078304822611795, 0.5695729924609452, 0.40923649278859653, -0.05460706538822835]"
traveler (traveler.569),569,307.5,0.6046761548207891,4,,,2.528923539114774,1.8960159926836382,,,,,,4,,,,,,,,,"[0.40648146345192665, -0.35495414584996066, 1.5528321101593587, 1.2341527671274037]"
traveler (traveler.570),570,315.0,2.368701311183604,1,,,3.7175217762538275,0.4681568402185543,,,,,,1,,,,,,,,,"[-0.5438475157196948, -0.4887505670813761, 0.38214602691578536, 0.535611761125619]"
traveler (traveler.571),571,315.0,1.8806476380550294,1,,,4.25155972950233,3.184743786030721,,,,,,1,,,,,,,,,"[-1.0116259958476654, 2.654082035977875, 0.9458643584853079, 1.077651922908323]"
traveler (traveler.572),572,315.0,1.626798826360985,1,,,1.7279535932344314,1.0680716612728651,,,,,,1,,,,,,,,,"[-0.3882406310037494, 1.0698704953747902, -0.26070683809623535, -0.46257148837244444]"
traveler (traveler.546),546,300.0,2.8984455917788647,,,,4.160831968126083,4.875420809488873,SAV (sav.0),1,10.888888888888891,1,0.7873193463440475,,,,,4.1,4.9,321.5703280465695,"[1, 10.888888888888891, 19.777777777777782]","[4.079215610874228, 8.158431221748456]",
traveler (traveler.573),573,315.0,1.493091455386248,0,6.5703280465695,1.161580508858678,1.4022449262618797,3.512055281212266,SAV (sav.0),,,,2.8250117313081593,0,2.690027595802491,3.2362877421127982,normal,,,,,,"[5.5853543356243645, 0.8440960862560544, 0.05345172871147605, -0.3573600826290014]"
traveler (traveler.574),574,315.0,0.8516521056921376,1,,,1.650267869014076,2.5571543060492568,,,,,,1,,,,,,,,,"[0.6032027260110272, 0.9174632549025165, -0.8356208833285392, 0.0419663844746922]"
traveler (traveler.575),575,315.0,0.7928297654409715,3,,,2.7393271733662194,1.7441550813442472,,,,,,3,,,,,,,,,"[-0.1640375362102242, -1.4542707648422517, -0.053369185417012716, 0.8336679435265125]"
traveler (traveler.576),576,315.0,0.9165267023005532,0,6.5703280465695,1.161580508858678,1.6538358779396636,2.852175346337286,SAV (sav.0),,,,4.28463904503074,0,0.4599507955767037,1.1462183938192803,normal,,,,,,"[3.139642283640034, 1.8585698468871952, 0.06938809000748727, -0.399353395128256]"
traveler (traveler.577),577,315.0,0.9126774472756223,3,,,1.6358597520343092,2.7936694648943616,,,,,,3,,,,,,,,,"[0.026290960266131633, -0.644251400932121, 0.4556117087089828, 2.1795527721165584]"
traveler (traveler.578),578,315.0,0.35494353242693794,4,,,2.8049588074496783,2.68161783219327,,,,,,4,,,,,,,,,"[1.9157432738121543, -0.7799659294622564, 0.9632700289001964, 1.52642803542929]"
traveler (traveler.579),579,322.5,1.5373628813226787,2,,,1.78019127043129,1.1415597099226449,,,,,,2,,,,,,,,,"[-0.1611073952736841, 0.8023998120480849, 3.202140772817318, 0.7726126482980537]"
traveler (traveler.580),580,322.5,1.6034652737213335,3,,,3.2198897702514575,1.067219625093387,,,,,,3,,,,,,,,,"[0.6903023987073992, 0.5119692828120498, -0.3696748035311864, 4.578809200174195]"
traveler (traveler.581),581,322.5,0.430006039156282,4,,,2.0700097407611953,2.5036838391142133,,,,,,4,,,,,,,,,"[2.2347307641457506, 3.5824578397033733, 0.6526315055538673, 2.384416179027028]"
traveler (traveler.566),566,307.5,0.7438410693964035,,,,3.1121512844200234,2.0774241588735807,SAV (sav.2),1,4.777777777777778,1.0,2.5601891328655526,,,,,2.9,2.1,,,,
traveler (traveler.562),562,307.5,0.8510899608448818,,,,3.316034790264045,2.7417464426411655,SAV (sav.2),2,8.588691253483004,1.2684081669153,1.9087659939964996,,,,,3.3,2.9,,,,
traveler (traveler.568),568,307.5,0.9751723358147302,,,,3.4613733727875236,2.336530361738034,SAV (sav.2),3,8.588691253483004,1.2684081669153,3.4709881212927316,,,,,3.7,2.5,325.6798279280239,"[2.0, 4.777777777777778, 8.588691253483004, 8.588691253483004, 13.359927419811259]","[0.7999999999999999, 2.0649110640673514, 2.8649110640673516, 4.561967338915066]",
traveler (traveler.582),582,322.5,0.9215393525193766,0,3.179827928023883,1.161580508858678,3.3871111379156487,2.2504632146800096,SAV (sav.2),,,,2.0863279277705757,0,0.07696925500792151,0.10520179024792164,normal,,,,,,"[2.101717635424839, -1.0488544400822581, 1.790721886920269, 1.4952196475954955]"
traveler (traveler.583),583,322.5,0.6083395352695299,4,,,2.504751144843974,3.1083209817149324,,,,,,4,,,,,,,,,"[-1.7673494807149785, -0.0061891489473395655, -0.9986580833081962, 0.4511794822076549]"
traveler (traveler.584),584,322.5,0.32504432199247624,4,,,2.1859664700451105,2.583885358219537,,,,,,4,,,,,,,,,"[0.3302348242066053, -1.2182278169382499, 2.5043701750679657, 2.114622130934445]"
traveler (traveler.585),585,322.5,0.8015412116416791,3,,,3.2217820654583873,2.848567014995159,,,,,,3,,,,,,,,,"[-1.3411719166744405, -0.18178267677097767, -0.5533024438745217, 2.222067606863348]"
traveler (traveler.586),586,322.5,0.08004619075537292,4,,,2.579687624242342,2.507568037860426,,,,,,4,,,,,,,,,"[0.8199878997189458, -0.13815854748111295, 4.573484803542083, 0.5034123912387047]"
traveler (traveler.587),587,322.5,0.4583720104722443,4,,,2.648529834281321,2.066359840060067,,,,,,4,,,,,,,,,"[-0.25387360757352617, 0.5535872699378, -0.06991745782523894, -0.9981370212348629]"
traveler (traveler.588),588,322.5,0.7201871285279859,1,,,2.2366923239983603,1.8296727904552872,,,,,,1,,,,,,,,,"[0.24238070082750338, 2.1482798355535744, 0.10729353782669296, 0.5162947037414448]"
traveler (traveler.589),589,322.5,0.6169893148974304,4,,,2.2196600823845625,1.9503770880967841,,,,,,4,,,,,,,,,"[-2.6051641388905273, -0.09023355759575852, 0.35503864234984867, 1.005482283067445]"
traveler (traveler.590),590,322.5,0.6342644047606562,4,,,3.1339320642350277,2.5205298095730613,,,,,,4,,,,,,,,,"[-2.303741332564449, 2.802959922584455, 1.0893836271700768, -0.26534924554061007]"
traveler (traveler.591),591,322.5,0.877478275716286,2,,,3.171259073311708,1.9348633962918933,,,,,,2,,,,,,,,,"[0.2864093408930816, 0.42634267648212787, 2.8558901241092287, 1.2445844685439025]"
traveler (traveler.592),592,322.5,0.7119917580030768,0,3.179827928023883,1.161580508858678,3.0636905043565403,2.065045658990991,SAV (sav.2),,,,2.0085715702333498,0,2.394908328744589,2.4156824741696177,normal,,,,,,"[4.282942979565807, 0.002402324031236886, 1.693540767057181, 1.788538931602018]"
traveler (traveler.593),593,322.5,0.6256044539896607,4,,,1.8846698081469908,2.6129145156560503,,,,,,4,,,,,,,,,"[-0.7865612365196667, -0.7621253312422079, 6.469398826942455, -0.3219561514773098]"
traveler (traveler.594),594,330.0,1.246960966997838,1,,,1.470966202168205,3.2042734526702366,,,,,,1,,,,,,,,,"[-2.517120454927888, 1.1647026502396642, 0.9366943375191862, 1.7934214282106875]"
traveler (traveler.595),595,330.0,0.1313170979352413,4,,,2.5520519969256408,2.3794397668126557,,,,,,4,,,,,,,,,"[0.1149456367500695, 0.4368071984969626, -0.10806254482765881, -0.6214792915583439]"
traveler (traveler.596),596,330.0,0.10557024528501446,4,,,2.5506597683255032,2.5926210805526715,,,,,,4,,,,,,,,,"[-0.33295311939522587, 0.9314975485037461, 2.2628164120033376, -0.9048436695149574]"
traveler (traveler.597),597,330.0,0.8540523723764696,1,,,1.6589268677003806,2.3516711731133064,,,,,,1,,,,,,,,,"[0.763812381393302, 1.158008000474076, 0.3371632130965405, 1.1313397992235281]"
traveler (traveler.561),561,307.5,2.1295143895222766,,,,1.048895902949445,4.058566147042058,SAV (sav.1),1,9.28539361054709,1.0,3.053994854058882,,,,,1.2999999999999998,4.1,,,,
traveler (traveler.560),560,307.5,2.435717970907145,,,,3.721845727159278,4.607086864090475,SAV (sav.1),2,19.17428249943598,1.73534991652702,1.3115089953341297,,,,,3.7,4.5,335.7235137333359,"[2.0, 9.28539361054709, 19.17428249943598, 28.223513733335906]","[2.82842712474619, 6.269357231563241, 9.56784173205737]",
traveler (traveler.598),598,330.0,0.717808757341667,0,5.723513733335892,1.161580508858678,2.606137731430181,3.209918441853177,SAV (sav.1),,,,1.6705407333518865,0,1.1825190751310162,1.5063560235449764,normal,,,,,,"[3.377204631337422, 1.02967644589741, 0.25568792070185126, -2.030020762191592]"
traveler (traveler.599),599,330.0,0.4339393795247329,4,,,2.325112653714303,2.8971370055931036,,,,,,4,,,,,,,,,"[-1.0855358182935746, 0.4749149417406174, -0.6501890621784928, -0.5931254971476887]"
traveler (traveler.600),600,330.0,0.7689186283422526,2,,,1.898927847092373,2.0204709351762697,,,,,,2,,,,,,,,,"[-0.7876210375648712, -0.6922982317223538, 2.0253383940364413, -1.1141611980599557]"
traveler (traveler.601),601,330.0,0.3389619978956626,4,,,2.214109429448321,2.3178961348925986,,,,,,4,,,,,,,,,"[2.2670161986684234, -1.6843767568243062, -1.0321383868665206, 0.015678574228083282]"
traveler (traveler.602),602,337.5,1.9726084597586053,1,,,0.7036609850817777,1.68492314534527,,,,,,1,,,,,,,,,"[-1.9072118280329766, 0.5741977863311193, 0.37993605877399655, 0.8173342805180404]"
traveler (traveler.576),576,315.0,0.9165267023005532,,,,1.6538358779396636,2.852175346337286,SAV (sav.0),1,6.975231959999626,1.0,4.28463904503074,,,,,1.2999999999999998,2.9,,,,
traveler (traveler.573),573,315.0,1.493091455386248,,,,1.4022449262618797,3.512055281212266,SAV (sav.0),2,9.753009737777404,1.4877472481355363,2.8250117313081593,,,,,1.2999999999999998,3.3,335.87889333990245,"[2.0, 6.975231959999626, 9.753009737777404, 14.30856529333296]","[1.788854381999832, 2.3545398069490697, 4.394147612386184]",
traveler (traveler.603),603,337.5,1.3784543855424831,0,0.0,1.161580508858678,2.6675678172413546,3.868231529985431,SAV (sav.0),,,,2.849357512160067,0,-0.9227674503849286,-1.240732622837358,normal,,,,,,"[1.0376223337865302, -0.5120579050646656, 0.6722847994496616, -1.274156783150079]"
traveler (traveler.604),604,337.5,1.7062659392229542,2,,,1.081176192323932,3.4477776417092643,,,,,,2,,,,,,,,,"[-0.7761310380712761, 0.5018206564138652, 3.250264343978392, -1.3612080810552833]"
traveler (traveler.605),605,337.5,0.7315439038678779,2,,,2.6189005817561304,3.2218165521407145,,,,,,2,,,,,,,,,"[-1.0906431732451844, -1.3374254215063026, -0.4378830314710615, -0.789965616789293]"
traveler (traveler.606),606,337.5,0.5884323562215726,4,,,2.1467789954457475,2.970624648515307,,,,,,4,,,,,,,,,"[1.2295874654216175, -0.07502486935230482, -0.49342161377598126, 0.7285546251818106]"
traveler (traveler.607),607,337.5,0.9241010331451134,1,,,2.9070967980066573,1.6704007494503188,,,,,,1,,,,,,,,,"[-1.64781281998503, 3.5558723645918167, 2.6901290816821986, 3.6736723698980933]"
traveler (traveler.608),608,337.5,0.7619036255411996,2,,,2.168532090246541,3.186021981729811,,,,,,2,,,,,,,,,"[-2.24329818789579, -1.3442964192647604, 1.2104468918852649, -0.851320389213932]"
traveler (traveler.609),609,337.5,0.9192305943609657,2,,,3.403275209760353,2.3294749841178586,,,,,,2,,,,,,,,,"[0.34268328020398525, 0.9319549327586513, 3.1712707317673368, -0.38411795236104795]"
traveler (traveler.610),610,337.5,0.8066231210623247,1,,,3.306368402080661,2.4797303291046244,,,,,,1,,,,,,,,,"[-1.8168629041445796, 1.6531048050301895, -0.2447021397734445, 0.6430166673592463]"
traveler (traveler.592),592,322.5,0.7119917580030768,,,,3.0636905043565403,2.065045658990991,SAV (sav.2),1,4.777777777777778,1.0,2.0085715702333498,,,,,2.9,2.1,,,,
traveler (traveler.582),582,322.5,0.9215393525193766,,,,3.3871111379156487,2.2504632146800096,SAV (sav.2),2,8.291935221996614,1.188768383553091,2.0863279277705757,,,,,3.3,2.1,338.9469951100201,"[2.0, 4.777777777777778, 8.291935221996614, 13.26716718199624]","[0.7999999999999999, 1.3656854249492378, 2.6305964890165896]",
traveler (traveler.611),611,337.5,0.7557283630638628,0,1.4469951100201115,1.161580508858678,2.4408081195635116,1.7465932837905027,SAV (sav.2),,,,0.9039603109509511,0,0.9653608933596212,0.6516374064277652,normal,,,,,,"[2.5458759821808905, -1.0769673472590373, -0.6066031636889131, -0.791252419694684]"
traveler (traveler.612),612,337.5,0.7946697962985093,0,0.0,1.161580508858678,3.2593341963285667,2.7343323781195505,SAV (sav.0),,,,2.0470279597500523,0,6.385468641026338,5.990544017906739,normal,,,,,,"[7.908802855958324, 0.3610513420192996, -0.23364256529359903, -0.6698232438472327]"
traveler (traveler.613),613,345.0,1.6685214035651879,1,,,4.1650864085428765,2.607009000747272,,,,,,1,,,,,,,,,"[-1.4631712846137892, 1.5683370263464915, -0.6922018070436188, 0.5792564424809403]"
traveler (traveler.614),614,345.0,2.397073231959409,1,,,1.3351287050861427,0.4049976263349869,,,,,,1,,,,,,,,,"[-1.1581157432224758, 1.1534788502258069, -0.46416655871476376, -0.3452488276765737]"
traveler (traveler.615),615,345.0,1.899888191936335,1,,,0.697870080827977,3.101583656929071,,,,,,1,,,,,,,,,"[-0.3471590201525279, 0.5593881078365742, -0.31816810993526523, 1.1011504579096938]"
traveler (traveler.616),616,345.0,0.19702689066082185,4,,,2.668344682567386,2.3976297724201148,,,,,,4,,,,,,,,,"[-2.6898547048046777, 2.0341342510611997, -0.6202866323140576, 0.7286758247960341]"
traveler (traveler.617),617,345.0,0.4466163828640326,4,,,2.2016634389113774,2.8323574728516974,,,,,,4,,,,,,,,,"[-0.42230471778617806, -0.4473208437980862, -1.090875597746272, 1.2582346033025862]"
traveler (traveler.618),618,345.0,0.6588611497250402,4,,,2.8179939265102067,3.077042353141971,,,,,,4,,,,,,,,,"[2.0241243965679314, 0.9906133360652235, 0.759442343097021, 3.1505322204146817]"
traveler (traveler.598),598,330.0,0.717808757341667,,,,2.606137731430181,3.209918441853177,SAV (sav.1),1,3.7777777777777777,1,1.6705407333518865,,,,,2.5,3.3,341.27906928889144,"[1, 3.7777777777777777, 5.555555555555555]","[1.1313708498984758, 2.2627416997969516]",
traveler (traveler.619),619,345.0,0.7676161150124541,0,0.0,1.161580508858678,3.0795163635668255,3.003383834052203,SAV (sav.1),,,,2.485893247536786,0,4.303765146933422,3.950936482218327,normal,,,,,,"[5.8525077855119, -0.05182178968867748, 0.6167136351813787, 0.8854140317051881]"
traveler (traveler.620),620,345.0,0.43097641649214113,4,,,2.1201929824312202,2.703684316966025,,,,,,4,,,,,,,,,"[0.31937119941851816, 2.38400252983523, 0.2679927397297944, 1.2278136700471636]"
traveler (traveler.621),621,345.0,0.7264828328519124,3,,,2.0522093090420337,1.9279328679954364,,,,,,3,,,,,,,,,"[3.243976330630481, 1.0326272005811583, -0.4685409679266355, 4.474968787287304]"
traveler (traveler.622),622,345.0,0.3211756636576095,4,,,2.4442664982889153,2.1836970064749206,,,,,,4,,,,,,,,,"[4.441412255256339, -1.3523321786752727, 1.3665910269669608, -0.2938647535134641]"
traveler (traveler.611),611,337.5,0.7557283630638628,,,,2.4408081195635116,1.7465932837905027,SAV (sav.2),1,4.514157444218836,1,0.9039603109509511,,,,,2.5,1.7,345.97530999845776,"[1, 4.514157444218836, 7.028314888437672]","[1.1313708498984762, 2.2627416997969525]",
traveler (traveler.623),623,345.0,0.8331399908693673,0,0.9753099984577602,1.161580508858678,2.189143414138855,3.272975049670144,SAV (sav.2),,,,1.1177983075454196,0,-1.390738308234194,-1.7461610038966673,normal,,,,,,"[0.19582742209013115, -0.7939761887801055, -0.6410977687184435, 0.04603039436110164]"
traveler (traveler.624),624,345.0,0.6094256726098228,4,,,1.9274844535258124,2.708867420823108,,,,,,4,,,,,,,,,"[0.2964927751407389, -0.12928144142573855, -0.7138062449294779, -1.0623492154025513]"
traveler (traveler.625),625,345.0,0.804874033659345,1,,,1.7188614327829466,2.694022547311268,,,,,,1,,,,,,,,,"[1.7682699381202844, 3.459357198004213, 0.4501284193232888, 0.00774573392543892]"
traveler (traveler.623),623,345.0,0.8331399908693673,,,,2.189143414138855,3.272975049670144,SAV (sav.2),1,3.2570787221094175,1,1.1177983075454196,,,,,2.1,3.3,350.4894674426766,"[1, 3.2570787221094175, 4.514157444218835]","[1.2649110640673515, 2.529822128134703]",
traveler (traveler.626),626,352.5,2.2891512725420435,0,0.0,1.161580508858678,3.4800614798361047,0.43125810108599505,SAV (sav.2),,,,2.3128450589994705,0,0.47062177777921654,0.10119433081962192,normal,,,,,,"[2.941294870054926, -0.5916623070806634, -0.46489122414136214, -0.07201302629024506]"
traveler (traveler.627),627,352.5,1.5620221709068576,0,0.0,1.161580508858678,4.034881555552036,2.789917010247303,SAV (sav.2),,,,1.5348124990991403,0,-1.476764124441929,-1.920820454547163,normal,,,,,,"[0.47076470414531746, -0.3116741697250564, -0.46213653657626824, 0.7737250639112313]"
traveler (traveler.628),628,352.5,0.5782061390353594,4,,,1.9469159777960345,2.6685835211426694,,,,,,4,,,,,,,,,"[-0.7172596396417753, -0.26962724614471323, 1.2744049565487456, 1.1218604498573979]"
traveler (traveler.629),629,352.5,0.5921361749995839,4,,,3.0834860611823283,2.399157220639898,,,,,,4,,,,,,,,,"[-0.6449352960839334, 0.5192296826521907, -0.7710215318560198, -0.31806291432843126]"
traveler (traveler.630),630,352.5,0.534761579604101,4,,,2.4452538894057767,3.03195188729384,,,,,,4,,,,,,,,,"[2.129940804706906, 1.7905466799660616, -0.15442405107595045, 0.3506854803352233]"
traveler (traveler.631),631,352.5,0.30356297015192507,4,,,2.4164111734043168,2.7918276630407326,,,,,,4,,,,,,,,,"[7.70256852162548, 1.2659508072446393, -0.05024843063759225, 0.6674678571229734]"
traveler (traveler.632),632,352.5,0.7479678806631548,1,,,3.238000230670192,2.621702958199359,,,,,,1,,,,,,,,,"[-1.595785944891879, 1.0517295344479374, -0.06011858684725819, -0.5565918092838626]"
traveler (traveler.633),633,352.5,0.7253851737470425,3,,,2.8650173493948845,3.1268540379807406,,,,,,3,,,,,,,,,"[-2.1945952839840857, 0.6969991578915664, -0.11533017228849293, 1.38619869548375]"
traveler (traveler.634),634,352.5,0.913110377780841,0,0.0,1.161580508858678,3.2010619674057574,1.9149507030444024,SAV (sav.2),,,,2.518055724169497,0,2.8051856397683546,2.455441999811869,normal,,,,,,"[4.446758596596804, 0.11771909153989484, -0.2132277068793866, 0.8302492757806104]"
traveler (traveler.612),612,337.5,0.7946697962985093,,,,3.2593341963285667,2.7343323781195505,SAV (sav.0),1,5.810913475705226,1.0,2.0470279597500523,,,,,3.3,2.9,,,,
traveler (traveler.603),603,337.5,1.3784543855424831,,,,2.6675678172413546,3.868231529985431,SAV (sav.0),2,9.621826951410453,1.3794275239286764,2.849357512160067,,,,,2.5,3.7,352.0970589114101,"[2.0, 5.810913475705226, 9.621826951410453, 14.59705891141008]","[1.2649110640673515, 2.8649110640673516, 4.561967338915066]",
traveler (traveler.635),635,352.5,0.7064688640128884,0,0.0,1.161580508858678,1.851951657770112,2.781303398402428,SAV (sav.0),,,,3.2998224675258534,0,-0.49446725646210044,-0.7692238303958441,normal,,,,,,"[1.0946299857423627, -0.32569486825952393, -1.2006509421156746, 0.46381480741141307]"
traveler (traveler.636),636,352.5,0.8294618377028928,2,,,2.3264191291903793,3.311095938526654,,,,,,2,,,,,,,,,"[-0.6057818861838733, -0.9537049958703958, 1.1192471967964117, 1.2101138536922889]"
traveler (traveler.619),619,345.0,0.7676161150124541,,,,3.0795163635668255,3.003383834052203,SAV (sav.1),1,5.810913475705226,1,2.485893247536786,,,,,2.9,2.9,353.62182695141047,"[2, 5.810913475705226, 8.621826951410451]","[0.7999999999999999, 1.5999999999999999]",
traveler (traveler.637),637,360.0,1.4601565435090504,0,0.0,1.161580508858678,2.973384257190773,3.88129087327624,SAV (sav.1),,,,2.3469628695156777,0,2.9863262173032386,2.6201713507283593,normal,,,,,,"[4.948922687292395, -1.025141456795819, 1.6353535383806035, 0.9091193256770951]"
traveler (traveler.638),638,360.0,3.0897311794690356,0,0.0,1.161580508858678,0.025478298206055294,4.3501840742839395,SAV (sav.1),,,,2.007922949628622,0,0.27560921887582435,-0.12306635681462152,normal,,,,,,"[3.210856257211537, 1.6040820106199478, 0.5077015388952872, 0.8862363726131413]"
traveler (traveler.639),639,360.0,2.5216670894628552,1,,,0.06852328182394563,1.831624447598605,,,,,,1,,,,,,,,,"[0.3920426348426227, 0.42277040225221957, -0.6732880952718009, 1.4798065140138683]"
traveler (traveler.640),640,360.0,2.0917377186911486,1,,,4.539101635235546,2.033704809187386,,,,,,1,,,,,,,,,"[1.4765499109690456, 2.389054445701192, 0.683579106736314, 0.9687943340169579]"
traveler (traveler.641),641,360.0,2.8530220056079267,1,,,0.23080752512904923,0.7706937586210694,,,,,,1,,,,,,,,,"[-1.418576942202857, -0.4659942349394356, -0.05232498316133137, 0.9010358094771892]"
traveler (traveler.642),642,360.0,1.1985554887276442,1,,,1.4303135242308,1.9593465961305423,,,,,,1,,,,,,,,,"[-0.633930194496386, 1.0785764253377454, 0.5855927028243678, -0.2577961509908823]"
traveler (traveler.643),643,360.0,1.3046851646549233,1,,,3.3625751511245117,3.4788603003152034,,,,,,1,,,,,,,,,"[0.21439845057577903, 0.4127419440271682, -0.4293019463010121, -0.3561456799056941]"
traveler (traveler.635),635,352.5,0.7064688640128884,,,,1.851951657770112,2.781303398402428,SAV (sav.0),1,4.2570787221094175,1,3.2998224675258534,,,,,2.1,2.9,358.0141574442188,"[2, 4.2570787221094175, 5.514157444218835]","[0.7999999999999999, 1.5999999999999999]",
traveler (traveler.644),644,360.0,2.3879684840413615,0,0.0,1.161580508858678,1.352580199583628,0.40576474998933076,SAV (sav.0),,,,1.2949417753424906,0,-0.8924395443602076,-1.3595042742881795,normal,,,,,,"[1.5415497312849817, 0.22217485260318187, 0.5757886932616705, 1.1666459611602673]"
traveler (traveler.645),645,360.0,1.7327772577110403,1,,,1.1017533018859345,1.476563047347954,,,,,,1,,,,,,,,,"[-0.19078599778026528, 2.0165092702738026, 1.3965394605830357, 0.6939235976755183]"
traveler (traveler.646),646,360.0,0.28639952242189276,4,,,2.228369928968186,2.5907843100691967,,,,,,4,,,,,,,,,"[-0.8061886642253725, 0.11011389849728424, 0.43823658373115076, 0.5047173713820329]"
traveler (traveler.647),647,360.0,0.1979509972294437,4,,,2.6394576515800097,2.359514553351887,,,,,,4,,,,,,,,,"[-1.1599568711707189, 1.4011735153110412, 0.05892570869288917, 1.4384523898973554]"
traveler (traveler.648),648,360.0,0.8489703774178713,0,0.0,1.161580508858678,3.298898210177316,2.7872496327387104,SAV (sav.0),,,,1.353069005337548,0,0.33776323118617535,-0.12372593484067096,normal,,,,,,"[1.8280271558129317, -0.8570523377366119, 1.2277633975877547, -0.6017115113163406]"
traveler (traveler.649),649,360.0,0.6710714212639051,4,,,3.037506016738377,2.9017762242930774,,,,,,4,,,,,,,,,"[0.5214764801343416, 0.9133553957389592, 0.18554190175343607, 0.46583451728977676]"
traveler (traveler.650),650,360.0,0.3746715945132098,4,,,2.293270526956852,2.1875232349271814,,,,,,4,,,,,,,,,"[9.430621304159096, 2.801246430280391, 1.8939607871325757, 0.23269554374230836]"
traveler (traveler.651),651,360.0,0.03499233361139556,4,,,2.515455625010414,2.468605938983485,,,,,,4,,,,,,,,,"[4.149280403494658, -0.39803306944460615, -0.5270992687866274, 0.2531844909375674]"
traveler (traveler.652),652,367.5,1.96946803769968,1,,,0.9802293335323004,1.2473621940620854,,,,,,1,,,,,,,,,"[1.2748373324099156, 1.182291703451415, -0.006510208810186959, 0.3746426462896921]"
traveler (traveler.653),653,367.5,2.353427282265411,2,,,1.4826014278908488,0.37785011877543906,,,,,,2,,,,,,,,,"[1.8392242548532902, -0.001428151417916628, 3.504932000960586, -0.031740447539877904]"
traveler (traveler.654),654,367.5,1.47607993576051,1,,,3.9460171373846724,2.796388959215064,,,,,,1,,,,,,,,,"[2.8957270542332765, 7.828429074412798, -1.023519008439067, 1.6371030665644355]"
traveler (traveler.655),655,367.5,0.4985930190050127,4,,,2.4890480729081164,2.00152727868668,,,,,,4,,,,,,,,,"[1.7144288050959613, -1.5625763063459563, 0.12484788687160599, -1.6333155790436769]"
traveler (traveler.656),656,367.5,0.42386335310594697,4,,,2.1176636528156125,2.3170271612290056,,,,,,4,,,,,,,,,"[-0.22987202551458283, 0.7458637491618709, -0.04589214435619627, -1.1942350608323544]"
traveler (traveler.657),657,367.5,0.7366662988304866,2,,,2.066655340530336,1.9042738532331078,,,,,,2,,,,,,,,,"[-1.1739782666256617, -0.3689466869829424, 0.7613260549133696, -0.01118503301527112]"
traveler (traveler.658),658,367.5,0.9150008930982898,3,,,2.9890404590226205,1.726652688755167,,,,,,3,,,,,,,,,"[0.5415081673054932, 0.49272672572777093, 0.5396865818636803, 1.0613907599685106]"
traveler (traveler.659),659,367.5,0.1890322676989371,4,,,2.686034449188648,2.466468195001178,,,,,,4,,,,,,,,,"[3.748069419087853, 0.19765443166412253, -0.014125062791490457, 1.7389934597303698]"
traveler (traveler.660),660,367.5,0.9370540768687827,3,,,1.8325879363016453,3.157747276852067,,,,,,3,,,,,,,,,"[0.804061659720541, -0.06858187431269436, -0.17896212665230482, 1.918290569731882]"
traveler (traveler.661),661,367.5,0.919409265544581,2,,,3.351727903767104,2.846226768915577,,,,,,2,,,,,,,,,"[-0.3248311473284516, -0.19901399650958537, 2.766516474579597, -1.5146834443426263]"
traveler (traveler.662),662,367.5,0.6784285822649441,4,,,3.009944671387646,2.9474614769534555,,,,,,4,,,,,,,,,"[0.07117893577774097, 1.4424906649004863, 3.324765077965485, 3.306902025899963]"
traveler (traveler.663),663,367.5,0.7438300655343552,3,,,2.620639592730284,1.766018218850962,,,,,,3,,,,,,,,,"[-0.5004308371478774, 0.32420245538864717, 0.04133432716308997, 0.90086017126948]"
traveler (traveler.664),664,375.0,1.381811488530336,1,,,1.9257423945172647,1.2431662033587503,,,,,,1,,,,,,,,,"[-1.6137852697077988, 2.722567543464327, -0.6231804657222441, 0.31489068508648127]"
traveler (traveler.665),665,375.0,0.5619979099554014,4,,,2.334410507127358,1.9629508675694367,,,,,,4,,,,,,,,,"[-1.1207730819285198, 0.2969804857260131, 0.40044063599214147, -1.1953703907228945]"
traveler (traveler.666),666,375.0,0.7907832326806288,1,,,2.0128751380862258,3.1229345792250673,,,,,,1,,,,,,,,,"[0.664754963614151, 1.0299609702758108, -1.1373532893406466, 0.6804962067212391]"
traveler (traveler.667),667,375.0,0.0954815491526719,4,,,2.5876055248747964,2.537973651918212,,,,,,4,,,,,,,,,"[-0.9795685884519643, -0.7444684367134157, 0.8222090608692166, 0.701286579209965]"
traveler (traveler.668),668,375.0,0.11057477680872586,4,,,2.6050349978963796,2.465439466392906,,,,,,4,,,,,,,,,"[4.1005143029877384, 2.546641042762054, -0.7207107881531638, 2.1446373649265875]"
traveler (traveler.669),669,375.0,0.9553182506220964,1,,,2.530922070633238,3.454817671348523,,,,,,1,,,,,,,,,"[-0.18251137171776075, 5.120211253248311, -1.119439022537805, 3.3840417735887045]"
traveler (traveler.670),670,375.0,0.4973303928240528,4,,,2.992155176698751,2.4284402230638764,,,,,,4,,,,,,,,,"[0.47259775433453405, 2.943691634833384, 1.5041076865191292, 0.5397631635527643]"
traveler (traveler.634),634,352.5,0.913110377780841,,,,3.2010619674057574,1.9149507030444024,SAV (sav.2),1,5.810913475705226,1.0,2.518055724169497,,,,,3.3,2.1,,,,
traveler (traveler.627),627,352.5,1.5620221709068576,,,,4.034881555552036,2.789917010247303,SAV (sav.2),2,10.366469031260781,1.2668193135680466,1.5348124990991403,,,,,4.1,2.9,,,,
traveler (traveler.626),626,352.5,2.2891512725420435,,,,3.4800614798361047,0.43125810108599505,SAV (sav.2),3,20.25535792014967,1.7716975251278237,2.3128450589994705,,,,,3.3,0.5,382.18809834726534,"[2.0, 5.810913475705226, 10.366469031260781, 20.25535792014967, 29.688098347265353]","[1.2649110640673515, 2.8649110640673516, 6.4426198280670155, 9.48892907041258]",
traveler (traveler.671),671,375.0,0.88576956729689,0,7.188098347265338,1.161580508858678,2.7289642894036796,3.3556652853348603,SAV (sav.2),,,,2.158394012650691,0,-1.0656220760857955,-0.5018261763903389,normal,,,,,,"[1.4726257756004577, -0.455342703419273, -1.0386998512433887, 0.6917413587199627]"
traveler (traveler.648),648,360.0,0.8489703774178713,,,,3.298898210177316,2.7872496327387104,SAV (sav.0),1,5.810913475705226,1.0,1.353069005337548,,,,,3.3,2.9,,,,
traveler (traveler.644),644,360.0,2.3879684840413615,,,,1.352580199583628,0.40576474998933076,SAV (sav.0),2,16.94580614325312,1.54749664188239,1.2949417753424906,,,,,1.2999999999999998,0.5,385.89627006325236,"[2.0, 5.810913475705226, 16.94580614325312, 25.896270063252373]","[1.2649110640673515, 5.683055470942255, 8.981539971436383]",
traveler (traveler.672),672,382.5,1.1527626816341563,0,3.3962700632523593,1.161580508858678,1.5488514147609638,1.8487103801179146,SAV (sav.0),,,,2.544471804587165,0,1.5724790087088691,1.6732032578284004,normal,,,,,,"[3.8123446961978806, 0.15604476832950762, 0.308101649203755, 1.1781414975810687]"
traveler (traveler.673),673,382.5,1.999102089341114,0,3.3962700632523593,1.161580508858678,1.0785595917409518,1.094327090189059,SAV (sav.0),,,,3.268428032422079,0,-0.2739024410570914,-0.10373631056363575,normal,,,,,,"[2.557453056657033, 0.43702392734719403, -0.4631781719703856, 2.3181289149471946]"
traveler (traveler.674),674,382.5,1.9131090161048232,1,,,2.999753587332186,4.346681472114283,,,,,,1,,,,,,,,,"[-1.7191221318067043, 0.38960633127352695, -0.4353118516629608, 1.0166832016627854]"
traveler (traveler.675),675,382.5,1.8338761912723298,1,,,0.9783858085918884,3.523617183043028,,,,,,1,,,,,,,,,"[-1.27423649390795, 3.2788475472818677, -0.7411890460642837, 1.2773108229538586]"
traveler (traveler.676),676,382.5,0.8091850141465254,1,,,3.064720819124907,1.9204564006339069,,,,,,1,,,,,,,,,"[-0.3938293077088468, 0.2792119118711072, -0.321389249846267, -0.047471573566962535]"
traveler (traveler.637),637,360.0,1.4601565435090504,,,,2.973384257190773,3.88129087327624,SAV (sav.1),1,7.532461789860253,1.0,2.3469628695156777,,,,,2.9,3.7,,,,
traveler (traveler.638),638,360.0,3.0897311794690356,,,,0.025478298206055294,4.3501840742839395,SAV (sav.1),2,18.898598491807455,1.4743683100543066,2.007922949628622,,,,,0.09999999999999964,4.5,389.7166971737517,"[2.0, 7.532461789860253, 18.898598491807455, 29.71669717375169]","[1.788854381999832, 5.907106438394633, 10.325250845269538]",
traveler (traveler.677),677,382.5,0.7830494981598191,0,7.216697173751697,1.161580508858678,2.7611504720278326,3.238218766713489,SAV (sav.1),,,,1.82368861307171,0,4.376181364493721,4.911644221486847,normal,,,,,,"[6.822735305655422, -1.8577486571195716, 0.01615933592465591, -0.6635269856413775]"
traveler (traveler.678),678,382.5,0.9239546660119609,2,,,2.6179049768206117,1.583599082668396,,,,,,2,,,,,,,,,"[-1.6401351520391607, -0.8831252137080985, 3.009177655190578, 1.0323031369559783]"
traveler (traveler.679),679,382.5,0.8246470318514015,1,,,2.9682204853358116,3.178831572817016,,,,,,1,,,,,,,,,"[-0.38567624495382885, 3.300922166728191, 1.9331567749413, 1.0793528445584848]"
traveler (traveler.680),680,382.5,0.39649515643367755,4,,,2.1994236044957107,2.758577337640048,,,,,,4,,,,,,,,,"[1.574247311362727, 0.8711698427848771, 1.2455971466813807, -1.1334838046079712]"
traveler (traveler.681),681,382.5,0.3147390719590534,4,,,2.259722210304107,2.2967089101891025,,,,,,4,,,,,,,,,"[-0.6262668179588579, 0.13373906804769106, -0.33518720812988934, 0.8174137461481293]"
traveler (traveler.672),672,382.5,1.1527626816341563,,,,1.5488514147609638,1.5488514147609638,SAV (sav.0),1,6.555555555555556,1.0,2.544471804587165,,,,,1.7,1.7,,,,
traveler (traveler.673),673,382.5,1.999102089341114,,,,1.0785595917409518,1.0785595917409518,SAV (sav.0),2,10.366469031260783,1.1164275275832918,3.268428032422079,,,,,0.8999999999999999,1.2999999999999998,403.54813270506025,"[2.0, 6.555555555555556, 10.366469031260783, 17.651862641807874]","[1.6000000000000003, 2.8649110640673525, 5.693338188813543]",
traveler (traveler.677),677,382.5,0.7830494981598191,,,,2.7611504720278326,2.7611504720278326,SAV (sav.1),1,3.7777777777777777,1,1.82368861307171,,,,,2.9,3.3,395.27225272930724,"[1, 3.7777777777777777, 5.555555555555555]","[1.2649110640673515, 2.529822128134703]",
traveler (traveler.671),671,375.0,0.88576956729689,,,,2.7289642894036796,2.7289642894036796,SAV (sav.2),1,4.810913475705226,1,2.158394012650691,,,,,2.9,3.3,389.8099252986758,"[1, 4.810913475705226, 7.621826951410451]","[1.2649110640673515, 2.529822128134703]",
